; Multipaint machine = 0 (c64)
; bitmap
	.db 255,255,255,255,255,255,255,255
	.db 255,255,255,255,255,255,255,255
	.db 255,255,255,255,255,255,255,255
	.db 255,255,255,255,255,255,255,255
	.db 255,255,255,255,255,255,255,255
	.db 255,255,255,255,255,255,255,255
	.db 255,255,255,255,255,255,255,255
	.db 255,255,255,255,255,255,255,255
	.db 255,255,255,255,255,255,255,255
	.db 255,255,255,255,255,255,255,255
	.db 0,0,0,0,0,0,0,1
	.db 0,0,0,0,0,0,31,192
	.db 0,0,0,0,0,0,192,96
	.db 255,255,255,255,255,255,255,255
	.db 255,255,255,255,255,255,255,255
	.db 255,255,255,255,255,255,255,255
	.db 255,255,255,255,255,255,255,255
	.db 255,255,255,255,255,255,255,255
	.db 255,255,255,255,255,255,255,255
	.db 255,255,255,255,255,255,255,255
	.db 255,255,255,255,255,255,255,255
	.db 255,255,255,255,255,255,255,255
	.db 255,255,255,255,255,255,255,255
	.db 255,255,255,255,255,255,255,255
	.db 255,255,255,255,255,255,255,255
	.db 255,255,255,255,255,255,255,255
	.db 255,255,255,255,255,255,255,255
	.db 255,255,255,255,255,255,255,255
	.db 255,255,255,255,255,255,255,255
	.db 255,255,255,255,255,255,255,255
	.db 255,255,255,255,255,255,255,255
	.db 255,255,255,255,255,255,255,255
	.db 255,255,255,255,255,255,255,255
	.db 255,255,255,255,255,255,255,255
	.db 255,255,255,255,255,255,255,255
	.db 255,255,255,255,255,255,255,255
	.db 255,255,255,255,255,255,255,255
	.db 255,255,255,255,255,255,255,255
	.db 255,255,255,255,255,255,255,255
	.db 255,255,255,255,255,255,255,255

	.db 255,255,255,255,255,255,255,255
	.db 255,255,255,255,255,255,255,255
	.db 255,255,255,255,255,255,255,255
	.db 0,0,0,0,0,0,3,14
	.db 0,0,0,1,31,240,192,0
	.db 0,0,0,255,128,0,0,0
	.db 0,0,0,255,63,112,224,224
	.db 0,0,0,0,224,28,3,0
	.db 0,0,0,0,0,0,192,63
	.db 0,0,0,0,0,0,0,129
	.db 3,6,12,12,0,0,0,255
	.db 0,0,0,0,1,7,63,240
	.db 16,48,48,96,224,192,0,0
	.db 255,255,255,255,255,255,255,255
	.db 255,255,255,255,255,255,255,255
	.db 255,255,255,255,255,255,255,255
	.db 255,255,255,255,255,255,255,255
	.db 255,255,255,255,255,255,255,255
	.db 255,255,255,255,255,255,255,255
	.db 255,255,255,255,255,255,255,255
	.db 255,255,255,255,255,255,255,255
	.db 255,255,255,255,255,255,255,255
	.db 255,255,255,255,255,255,255,255
	.db 255,255,255,255,255,255,255,255
	.db 255,255,255,255,255,255,255,255
	.db 255,255,255,255,255,255,255,255
	.db 255,255,255,255,255,255,255,255
	.db 255,255,255,255,255,255,255,255
	.db 255,255,255,255,255,255,255,255
	.db 255,255,255,255,255,255,255,255
	.db 255,255,255,255,255,255,255,255
	.db 255,255,255,255,255,255,255,255
	.db 255,255,255,255,255,255,255,255
	.db 255,255,255,255,255,255,255,255
	.db 255,255,255,255,255,255,255,255
	.db 255,255,255,255,255,255,255,255
	.db 255,255,255,255,255,255,255,255
	.db 255,255,255,255,255,255,255,255
	.db 255,255,255,255,255,255,255,255
	.db 255,255,255,255,255,255,255,255

	.db 255,255,255,255,255,255,255,255
	.db 255,255,255,255,255,255,255,255
	.db 0,0,0,1,3,6,14,24
	.db 24,112,192,128,0,0,0,1
	.db 32,32,96,224,192,192,128,128
	.db 1,1,3,7,7,6,14,12
	.db 192,192,128,0,0,0,0,0
	.db 255,255,255,255,255,255,255,255
	.db 255,255,255,255,255,255,255,255
	.db 126,0,0,0,0,0,0,0
	.db 14,0,0,0,0,0,0,0
	.db 255,255,255,255,255,255,255,255
	.db 2,2,6,6,12,28,24,24
	.db 255,255,255,255,255,255,255,255
	.db 255,255,255,255,255,255,255,255
	.db 255,255,255,255,255,255,255,255
	.db 4,4,12,12,24,56,48,48
	.db 255,255,255,255,255,255,255,255
	.db 255,255,255,255,255,255,255,255
	.db 255,255,255,255,255,255,255,255
	.db 255,255,255,255,255,255,255,255
	.db 255,255,255,255,255,255,255,255
	.db 255,255,255,255,255,255,255,255
	.db 255,255,255,255,255,255,255,255
	.db 255,255,255,255,255,255,255,255
	.db 255,255,255,255,255,255,255,255
	.db 255,255,255,255,255,255,255,255
	.db 255,255,255,255,255,255,255,255
	.db 255,255,255,255,255,255,255,255
	.db 255,255,255,255,255,255,255,255
	.db 255,255,255,255,255,255,255,255
	.db 255,255,255,255,255,255,255,255
	.db 255,255,255,255,255,255,255,255
	.db 255,255,255,255,255,255,255,255
	.db 255,255,255,255,255,255,255,255
	.db 255,255,255,255,255,255,255,255
	.db 255,255,255,255,255,255,255,255
	.db 255,255,255,255,255,255,255,255
	.db 255,255,255,255,255,255,255,255
	.db 255,255,255,255,255,255,255,255

	.db 255,255,255,255,255,255,255,255
	.db 255,255,255,255,255,255,255,255
	.db 24,48,32,32,48,48,56,31
	.db 3,7,6,14,28,56,112,224
	.db 255,255,255,255,255,255,255,255
	.db 28,24,56,48,112,96,96,192
	.db 255,255,255,255,255,255,255,255
	.db 255,255,255,255,255,255,255,255
	.db 255,255,255,255,255,255,255,255
	.db 255,255,255,255,255,255,255,255
	.db 255,255,255,255,255,255,255,255
	.db 0,0,0,0,0,0,1,1
	.db 48,48,96,96,64,192,128,128
	.db 255,255,255,255,255,255,255,255
	.db 255,255,255,255,255,255,255,255
	.db 0,0,0,0,0,1,3,3
	.db 96,96,192,192,128,128,0,0
	.db 255,255,255,255,255,255,255,255
	.db 255,255,255,255,255,255,255,255
	.db 255,255,255,255,255,255,255,255
	.db 255,255,255,255,255,255,255,255
	.db 255,255,255,255,255,255,255,255
	.db 255,255,255,255,255,255,255,255
	.db 255,255,255,255,255,255,255,255
	.db 255,255,255,255,255,255,255,255
	.db 255,255,255,255,255,255,255,255
	.db 255,255,255,255,255,255,255,255
	.db 255,255,255,255,255,255,255,255
	.db 255,255,255,255,255,255,255,255
	.db 255,255,255,255,255,255,255,255
	.db 255,255,255,255,255,255,255,255
	.db 255,255,255,255,255,255,255,255
	.db 255,255,255,255,255,255,255,255
	.db 255,255,255,255,255,255,255,255
	.db 255,255,255,255,255,255,255,255
	.db 255,255,255,255,255,255,255,255
	.db 255,255,255,255,255,255,255,255
	.db 255,255,255,255,255,255,255,255
	.db 255,255,255,255,255,255,255,255
	.db 255,255,255,255,255,255,255,255

	.db 255,255,255,255,255,255,255,255
	.db 255,255,255,255,255,255,255,255
	.db 6,0,0,0,0,0,0,0
	.db 255,255,255,255,255,255,255,255
	.db 0,1,1,1,3,3,7,6
	.db 192,128,128,0,0,0,0,0
	.db 255,255,255,255,255,255,255,255
	.db 255,255,255,255,255,255,255,255
	.db 0,0,0,8,24,24,48,48
	.db 255,255,255,255,255,255,255,255
	.db 255,255,255,255,255,255,255,255
	.db 3,2,6,14,12,8,24,16
	.db 255,255,255,255,255,255,255,255
	.db 255,255,255,255,255,255,255,255
	.db 255,255,255,255,255,255,255,255
	.db 6,4,12,28,24,16,48,48
	.db 255,255,255,255,255,255,255,255
	.db 255,255,255,255,255,255,255,255
	.db 255,255,255,255,255,255,255,255
	.db 255,255,255,255,255,255,255,255
	.db 255,255,255,255,255,255,255,255
	.db 0,0,0,0,0,0,0,1
	.db 255,255,252,240,224,192,128,0
	.db 192,0,0,0,0,0,0,0
	.db 63,1,0,7,0,0,0,0
	.db 0,0,192,224,48,248,236,230
	.db 255,255,255,255,255,255,255,255
	.db 255,255,255,255,255,255,255,255
	.db 255,255,255,255,255,255,255,255
	.db 255,255,255,255,255,255,255,255
	.db 255,255,255,255,255,255,255,255
	.db 255,255,255,255,255,255,255,255
	.db 255,255,255,255,255,255,255,255
	.db 255,255,255,255,255,255,255,255
	.db 255,255,255,255,255,255,255,255
	.db 255,255,255,255,255,255,255,255
	.db 255,255,255,255,255,255,255,255
	.db 255,255,255,255,255,255,255,255
	.db 255,255,255,255,255,255,255,255
	.db 255,255,255,255,255,255,255,255

	.db 255,255,255,255,255,255,255,255
	.db 255,255,255,255,255,255,255,255
	.db 255,255,255,255,255,255,255,255
	.db 255,255,255,255,255,255,255,255
	.db 14,12,28,28,24,24,48,48
	.db 0,0,0,1,1,7,6,14
	.db 15,63,236,204,140,4,7,3
	.db 0,128,128,129,129,129,131,135
	.db 99,77,216,176,160,192,192,128
	.db 192,224,32,32,39,96,96,96
	.db 0,0,0,60,240,0,1,3
	.db 49,55,100,232,248,240,192,128
	.db 224,240,16,16,16,19,51,103
	.db 7,30,116,228,198,134,1,1
	.db 192,224,64,224,224,193,195,199
	.db 96,64,192,128,128,0,0,0
	.db 0,0,1,2,6,12,25,54
	.db 64,224,160,64,0,128,0,0
	.db 255,255,255,255,255,255,255,255
	.db 255,255,255,255,255,255,255,255
	.db 255,255,255,255,255,255,255,255
	.db 2,1,2,5,6,7,15,15
	.db 127,190,80,160,0,0,0,0
	.db 127,7,0,0,0,0,0,0
	.db 255,255,15,1,0,0,0,0
	.db 6,2,1,1,0,0,0,0
	.db 0,128,192,96,32,32,48,252
	.db 255,255,255,255,255,255,255,255
	.db 255,255,255,255,255,255,255,255
	.db 255,255,255,255,255,255,255,255
	.db 0,0,0,0,0,0,3,15
	.db 0,0,0,0,31,255,255,255
	.db 252,248,192,0,0,0,0,0
	.db 128,192,224,240,240,240,240,192
	.db 255,255,255,255,255,255,255,255
	.db 255,255,255,255,255,255,255,255
	.db 255,255,255,255,255,255,255,255
	.db 255,255,255,255,255,255,255,255
	.db 255,255,255,255,255,255,255,255
	.db 255,255,255,255,255,255,255,255

	.db 255,255,255,255,255,255,255,255
	.db 0,0,0,0,0,0,63,255
	.db 0,0,0,0,0,0,224,240
	.db 0,0,0,0,0,0,1,1
	.db 48,96,96,224,192,192,128,128
	.db 12,24,24,24,24,24,30,15
	.db 3,3,6,12,8,24,240,128
	.db 112,1,163,230,228,204,220,158
	.db 0,0,0,1,3,6,156,240
	.db 64,128,128,0,0,0,0,0
	.db 15,27,98,6,4,12,24,48
	.db 128,1,1,3,6,4,7,3
	.db 198,140,140,28,28,108,207,135
	.db 1,1,3,2,4,12,120,192
	.db 198,126,36,12,12,12,14,7
	.db 0,0,1,1,7,12,240,128
	.db 56,96,224,224,64,32,60,15
	.db 0,0,6,12,12,48,224,128
	.db 255,255,255,255,255,255,255,255
	.db 255,255,255,255,255,255,255,255
	.db 255,255,255,255,255,255,255,255
	.db 224,224,192,192,192,128,128,0
	.db 0,1,3,15,31,63,63,127
	.db 255,252,240,128,3,6,7,0
	.db 128,0,12,252,128,0,0,0
	.db 255,15,0,0,0,0,0,0
	.db 255,220,219,66,5,9,1,9
	.db 255,255,255,255,255,255,255,255
	.db 255,255,255,255,255,255,255,255
	.db 0,0,0,1,3,7,7,7
	.db 224,128,128,0,0,0,0,0
	.db 0,0,0,8,8,12,4,6
	.db 143,131,128,192,64,112,48,48
	.db 0,0,0,0,128,128,128,128
	.db 255,255,255,255,255,255,255,255
	.db 255,255,255,255,255,255,255,255
	.db 255,255,255,255,255,255,255,255
	.db 255,255,255,255,255,255,255,255
	.db 255,255,255,255,255,255,255,255
	.db 255,255,255,255,255,255,255,255

	.db 1,3,7,6,12,12,12,14
	.db 193,1,0,0,0,0,0,0
	.db 240,192,192,0,0,0,0,0
	.db 3,6,14,12,24,48,112,224
	.db 255,255,255,255,255,255,255,255
	.db 255,255,255,255,255,255,255,255
	.db 0,0,1,1,3,3,3,7
	.db 224,224,192,192,128,128,0,0
	.db 255,255,255,255,255,255,255,255
	.db 255,255,255,255,255,255,255,255
	.db 0,0,0,0,0,0,0,126
	.db 255,255,255,255,255,255,255,255
	.db 255,255,255,255,255,255,255,255
	.db 0,0,0,0,0,0,0,1
	.db 0,16,48,32,96,64,192,128
	.db 0,0,0,0,1,1,3,6
	.db 0,0,128,128,128,0,0,0
	.db 255,255,255,255,255,255,255,255
	.db 255,255,255,255,255,255,255,255
	.db 255,255,255,255,255,255,255,255
	.db 255,255,255,255,255,255,255,255
	.db 0,0,0,0,0,0,192,224
	.db 3,3,4,0,1,3,3,1
	.db 0,0,192,192,192,0,0,1
	.db 0,0,0,0,0,0,0,128
	.db 255,255,255,255,255,255,255,255
	.db 3,3,3,3,3,3,1,0
	.db 0,0,0,0,0,7,15,127
	.db 224,192,192,0,0,0,0,0
	.db 192,128,0,0,0,0,0,0
	.db 7,3,3,1,0,0,0,0
	.db 131,193,97,24,5,3,6,143
	.db 224,128,128,128,0,0,0,0
	.db 128,128,192,192,192,192,192,192
	.db 255,255,255,255,255,255,255,255
	.db 255,255,255,255,255,255,255,255
	.db 255,255,255,255,255,255,255,255
	.db 255,255,255,255,255,255,255,255
	.db 255,255,255,255,255,255,255,255
	.db 255,255,255,255,255,255,255,255

	.db 14,6,7,3,0,0,0,0
	.db 0,0,0,128,249,127,0,0
	.db 1,7,30,124,240,192,0,0
	.db 128,0,0,0,0,0,0,0
	.db 255,255,255,255,255,255,255,255
	.db 255,255,255,255,255,255,255,255
	.db 6,14,12,24,24,56,49,99
	.db 0,0,0,0,0,0,224,224
	.db 0,0,0,0,0,1,3,6
	.db 7,15,24,112,224,192,0,0
	.db 231,3,3,3,2,6,12,24
	.db 255,255,255,255,255,255,255,255
	.db 255,255,255,255,255,255,255,255
	.db 1,3,3,2,6,12,12,24
	.db 128,0,0,0,0,0,0,0
	.db 6,12,12,15,62,240,48,32
	.db 0,0,0,248,0,0,0,0
	.db 255,255,255,255,255,255,255,255
	.db 255,255,255,255,255,255,255,255
	.db 255,255,255,255,255,255,255,255
	.db 255,255,255,255,255,255,255,255
	.db 255,255,255,255,255,255,255,255
	.db 127,63,31,15,7,3,1,0
	.db 135,135,192,224,224,224,248,254
	.db 128,0,0,0,0,0,0,0
	.db 255,255,255,255,255,255,255,255
	.db 1,7,3,3,3,0,0,1
	.db 255,255,248,248,96,0,0,7
	.db 0,0,0,128,224,255,255,255
	.db 0,0,0,0,0,0,0,255
	.db 255,255,255,255,255,255,255,255
	.db 15,7,0,0,0,0,0,0
	.db 0,0,0,1,131,199,255,255
	.db 63,7,1,0,0,0,0,0
	.db 0,0,0,128,224,248,248,254
	.db 255,255,255,255,255,255,255,255
	.db 255,255,255,255,255,255,255,255
	.db 255,255,255,255,255,255,255,255
	.db 255,255,255,255,255,255,255,255
	.db 255,255,255,255,255,255,255,255

	.db 255,255,255,255,255,255,255,255
	.db 255,255,255,255,255,255,255,255
	.db 255,255,255,255,255,255,255,255
	.db 255,255,255,255,255,255,255,255
	.db 255,255,255,255,255,255,255,255
	.db 255,255,255,255,255,255,255,255
	.db 102,102,194,131,129,0,0,0
	.db 32,0,0,0,255,1,3,7
	.db 28,24,112,120,255,192,128,0
	.db 0,3,14,248,192,0,0,0
	.db 112,192,0,0,0,0,0,0
	.db 0,0,0,0,0,0,0,31
	.db 0,0,0,0,0,0,0,1
	.db 16,48,112,96,64,192,192,128
	.db 0,0,0,1,1,3,3,6
	.db 96,64,192,128,128,0,0,0
	.db 255,255,255,255,255,255,255,255
	.db 255,255,255,255,255,255,255,255
	.db 255,255,255,255,255,255,255,255
	.db 255,255,255,255,255,255,255,255
	.db 255,255,255,255,255,255,255,255
	.db 0,0,0,1,3,7,31,63
	.db 240,128,0,0,0,0,0,0
	.db 15,0,0,0,0,0,0,0
	.db 255,255,31,0,0,0,0,0
	.db 0,0,0,0,254,255,255,255
	.db 0,0,0,0,0,128,192,240
	.db 3,1,1,0,0,0,0,0
	.db 15,7,5,0,0,0,0,0
	.db 0,0,0,0,192,240,252,255
	.db 31,7,7,7,3,3,3,3
	.db 0,0,64,192,192,227,255,248
	.db 0,0,0,0,0,250,128,2
	.db 224,120,28,14,3,3,1,1
	.db 0,0,0,0,0,0,64,192
	.db 255,63,15,3,0,0,0,0
	.db 0,0,0,0,0,192,240,248
	.db 255,255,255,255,255,255,255,255
	.db 255,255,255,255,255,255,255,255
	.db 255,255,255,255,255,255,255,255

	.db 255,255,255,255,255,255,255,255
	.db 255,255,255,255,255,255,255,255
	.db 255,255,255,255,255,255,255,255
	.db 255,255,255,255,255,255,255,255
	.db 255,255,255,255,255,255,255,255
	.db 255,255,255,255,255,255,255,255
	.db 255,255,255,255,255,255,255,255
	.db 6,14,28,24,24,48,48,112
	.db 255,255,255,255,255,255,255,255
	.db 0,0,1,1,3,7,14,30
	.db 0,193,131,131,142,12,28,24
	.db 128,38,100,228,244,240,248,248
	.db 129,3,130,130,4,12,28,152
	.db 255,255,255,255,255,255,255,255
	.db 4,12,8,24,56,48,96,192
	.db 255,255,255,255,255,255,255,255
	.db 255,255,255,255,255,255,255,255
	.db 255,255,255,255,255,255,255,255
	.db 255,255,255,255,255,255,255,255
	.db 255,255,255,255,255,255,255,255
	.db 0,0,0,0,0,0,1,1
	.db 128,128,128,128,0,0,0,0
	.db 255,255,255,255,255,255,255,255
	.db 255,255,255,255,255,255,255,255
	.db 255,255,255,255,255,255,255,255
	.db 7,0,0,0,0,0,0,0
	.db 255,0,0,0,0,0,0,0
	.db 0,0,0,0,0,0,3,7
	.db 255,255,255,252,128,0,0,0
	.db 255,255,240,0,0,0,0,0
	.db 63,192,0,0,0,0,0,0
	.db 255,255,255,255,255,255,255,255
	.db 255,255,255,255,255,255,255,255
	.db 0,0,0,1,1,3,3,3
	.db 127,63,31,15,7,3,1,0
	.db 255,255,255,255,255,255,255,255
	.db 3,1,0,0,0,0,0,0
	.db 0,0,0,192,240,248,252,254
	.db 255,255,255,255,255,255,255,255
	.db 255,255,255,255,255,255,255,255

	.db 255,255,255,255,255,255,255,255
	.db 255,255,255,255,255,255,255,255
	.db 255,255,255,255,255,255,255,255
	.db 255,255,255,255,255,255,255,255
	.db 255,255,255,255,255,255,255,255
	.db 255,255,255,255,255,255,255,255
	.db 255,255,255,255,255,255,255,255
	.db 112,48,24,24,31,15,3,0
	.db 0,0,0,1,7,255,240,0
	.db 28,52,232,200,16,16,16,32
	.db 16,48,48,48,48,29,31,0
	.db 7,12,8,16,48,224,0,0
	.db 248,240,48,48,48,59,30,0
	.db 1,3,15,27,115,198,4,12
	.db 192,128,128,0,0,0,0,0
	.db 255,255,255,255,255,255,255,255
	.db 255,255,255,255,255,255,255,255
	.db 255,255,255,255,255,255,255,255
	.db 0,0,0,0,0,0,0,1
	.db 0,0,0,0,3,15,124,224
	.db 3,15,63,243,195,3,3,3
	.db 255,255,255,255,255,255,255,255
	.db 255,255,255,255,255,255,255,255
	.db 255,255,255,255,255,255,255,255
	.db 255,255,255,255,255,255,255,255
	.db 255,255,255,255,255,255,255,255
	.db 0,0,0,1,1,3,7,15
	.db 224,128,128,0,0,0,0,0
	.db 255,255,255,255,255,255,255,255
	.db 255,255,255,255,255,255,255,255
	.db 255,255,255,255,255,255,255,255
	.db 255,255,255,255,255,255,255,255
	.db 0,0,0,1,3,7,15,31
	.db 248,240,224,224,192,192,128,0
	.db 255,255,255,255,255,255,255,255
	.db 63,31,15,7,3,3,1,0
	.db 255,255,255,255,255,255,255,255
	.db 255,255,255,255,255,255,255,255
	.db 0,0,192,224,240,248,252,254
	.db 255,255,255,255,255,255,255,255

	.db 255,255,255,255,255,255,255,255
	.db 255,255,255,255,255,255,255,255
	.db 255,255,255,255,255,255,255,255
	.db 255,255,255,255,255,255,255,255
	.db 0,0,0,0,1,3,6,4
	.db 0,0,0,126,255,7,15,7
	.db 0,0,0,0,0,0,128,128
	.db 255,255,255,255,255,255,255,255
	.db 0,0,0,0,1,1,3,2
	.db 96,96,192,192,128,128,0,0
	.db 255,255,255,255,255,255,255,255
	.db 0,0,0,0,0,0,0,3
	.db 0,0,0,0,0,1,121,227
	.db 24,16,48,96,192,192,128,0
	.db 255,255,255,255,255,255,255,255
	.db 255,255,255,255,255,255,255,255
	.db 0,0,0,0,0,0,1,7
	.db 0,0,0,3,15,124,224,128
	.db 7,62,240,192,0,0,0,0
	.db 128,0,0,0,0,0,0,0
	.db 1,1,1,0,0,0,0,0
	.db 0,0,0,0,0,128,192,192
	.db 255,255,255,255,255,255,255,255
	.db 255,255,255,255,255,255,255,255
	.db 255,255,255,255,255,255,255,255
	.db 0,0,0,1,1,1,3,3
	.db 240,224,224,224,192,128,128,128
	.db 255,255,255,255,255,255,255,255
	.db 255,255,255,255,255,255,255,255
	.db 255,255,255,255,255,255,255,255
	.db 255,255,255,255,255,255,255,255
	.db 0,0,0,0,1,3,15,127
	.db 252,248,240,192,0,0,0,0
	.db 252,128,0,0,0,0,0,0
	.db 248,248,240,240,224,224,192,192
	.db 15,248,96,0,0,0,0,0
	.db 224,224,224,192,192,192,96,96
	.db 255,255,255,255,255,255,255,255
	.db 1,0,0,0,0,1,3,31
	.db 0,0,128,128,128,128,0,0

	.db 255,255,255,255,255,255,255,255
	.db 255,255,255,255,255,255,255,255
	.db 255,255,255,255,255,255,255,255
	.db 255,255,255,255,255,255,255,255
	.db 12,8,8,24,24,24,8,12
	.db 3,0,0,0,0,0,0,0
	.db 255,255,255,255,255,255,255,255
	.db 0,0,0,0,0,0,1,7
	.db 6,12,24,16,96,224,128,128
	.db 255,255,255,255,255,255,255,255
	.db 0,0,0,0,0,0,1,1
	.db 6,28,48,96,192,192,128,131
	.db 6,12,8,24,48,96,192,128
	.db 255,255,255,255,255,255,255,255
	.db 0,0,0,0,0,1,7,30
	.db 0,1,7,31,124,224,128,0
	.db 62,248,192,0,0,0,0,0
	.db 255,255,255,255,255,255,255,255
	.db 255,255,255,255,255,255,255,255
	.db 255,255,255,255,255,255,255,255
	.db 255,255,255,255,255,255,255,255
	.db 31,15,7,1,0,0,0,0
	.db 0,0,0,0,0,128,240,240
	.db 0,0,0,0,0,0,0,63
	.db 0,0,0,0,0,1,14,248
	.db 3,3,1,1,193,129,0,0
	.db 87,42,4,0,128,0,5,254
	.db 254,176,0,1,3,15,248,0
	.db 0,0,0,0,7,127,255,255
	.db 255,255,252,224,0,0,0,0
	.db 254,224,0,0,0,0,0,0
	.db 12,6,3,1,1,0,0,0
	.db 0,0,0,0,128,128,192,104
	.db 255,255,255,255,255,255,255,255
	.db 128,0,0,0,0,0,0,0
	.db 255,255,255,255,255,255,255,255
	.db 32,0,32,0,0,0,0,7
	.db 0,0,0,0,0,0,31,255
	.db 254,252,240,224,192,128,0,0
	.db 255,255,255,255,255,255,255,255

	.db 255,255,255,255,255,255,255,255
	.db 255,255,255,255,255,255,255,255
	.db 255,255,255,255,255,255,255,255
	.db 255,255,255,255,255,255,255,255
	.db 6,3,0,0,0,0,0,0
	.db 0,0,192,124,15,0,0,0
	.db 0,0,1,7,254,0,0,0
	.db 14,60,248,192,0,0,0,0
	.db 255,255,255,255,255,255,255,255
	.db 255,255,255,255,255,255,255,255
	.db 3,3,3,1,0,0,0,0
	.db 7,28,240,192,0,0,0,0
	.db 0,0,0,0,1,7,30,120
	.db 0,3,15,60,224,128,0,0
	.db 120,192,0,0,0,0,0,0
	.db 255,255,255,255,255,255,255,255
	.db 255,255,255,255,255,255,255,255
	.db 255,255,255,255,255,255,255,255
	.db 255,255,255,255,255,255,255,255
	.db 255,255,255,255,255,255,255,255
	.db 255,255,255,255,255,255,255,255
	.db 255,255,255,255,255,255,255,255
	.db 7,3,1,1,0,0,0,0
	.db 0,0,0,0,0,0,128,128
	.db 0,3,0,0,0,0,0,0
	.db 241,131,0,0,0,0,0,0
	.db 255,248,112,0,0,0,0,0
	.db 255,0,0,0,0,0,0,0
	.db 255,255,255,255,255,255,255,255
	.db 0,0,1,2,4,8,8,16
	.db 128,128,0,0,0,0,0,0
	.db 255,255,255,255,255,255,255,255
	.db 116,58,21,26,13,14,5,6
	.db 1,7,7,15,15,15,31,31
	.db 0,0,128,128,128,224,252,251
	.db 0,0,0,0,0,43,127,255
	.db 255,255,254,248,128,0,0,0
	.db 248,128,0,0,0,0,0,0
	.db 15,0,0,0,0,0,0,0
	.db 255,7,3,0,0,0,0,0

	.db 255,255,255,255,255,255,255,255
	.db 255,255,255,255,255,255,255,255
	.db 255,255,255,255,255,255,255,255
	.db 255,255,255,255,255,255,255,255
	.db 255,255,255,255,255,255,255,255
	.db 255,255,255,255,255,255,255,255
	.db 255,255,255,255,255,255,255,255
	.db 255,255,255,255,255,255,255,255
	.db 255,255,255,255,255,255,255,255
	.db 0,0,0,0,0,0,0,3
	.db 0,0,0,1,7,30,248,224
	.db 3,15,124,240,128,0,0,0
	.db 224,128,0,0,0,0,0,0
	.db 255,255,255,255,255,255,255,255
	.db 255,255,255,255,255,255,255,255
	.db 255,255,255,255,255,255,255,255
	.db 255,255,255,255,255,255,255,255
	.db 255,255,255,255,255,255,255,255
	.db 255,255,255,255,255,255,255,255
	.db 255,255,255,255,255,255,255,255
	.db 255,255,255,255,255,255,255,255
	.db 255,255,255,255,255,255,255,255
	.db 255,255,255,255,255,255,255,255
	.db 192,224,224,240,240,240,248,248
	.db 255,255,255,255,255,255,255,255
	.db 255,255,255,255,255,255,255,255
	.db 0,0,1,1,0,5,3,85
	.db 0,0,129,1,129,130,132,8
	.db 128,128,128,1,0,0,0,0
	.db 32,64,192,0,0,0,0,0
	.db 0,0,0,0,0,0,2,4
	.db 255,255,255,255,255,255,255,255
	.db 6,3,1,1,1,0,0,0
	.db 192,128,0,128,192,224,224,240
	.db 255,255,255,255,255,255,255,255
	.db 255,255,255,255,255,255,255,255
	.db 255,255,255,255,255,255,255,255
	.db 255,255,255,255,255,255,255,255
	.db 255,255,255,255,255,255,255,255
	.db 255,255,255,255,255,255,255,255

	.db 255,255,255,255,255,255,255,255
	.db 255,255,255,255,255,255,255,255
	.db 255,255,255,255,255,255,255,255
	.db 255,255,255,255,255,255,255,255
	.db 255,255,255,255,255,255,255,255
	.db 255,255,255,255,255,255,255,255
	.db 255,255,255,255,255,255,255,255
	.db 0,0,0,0,0,1,7,124
	.db 0,0,1,7,126,248,224,0
	.db 15,124,240,128,0,0,0,0
	.db 255,255,255,255,255,255,255,255
	.db 255,255,255,255,255,255,255,255
	.db 255,255,255,255,255,255,255,255
	.db 255,255,255,255,255,255,255,255
	.db 255,255,255,255,255,255,255,255
	.db 255,255,255,255,255,255,255,255
	.db 255,255,255,255,255,255,255,255
	.db 255,255,255,255,255,255,255,255
	.db 0,0,0,0,0,0,0,31
	.db 0,0,0,0,0,0,255,255
	.db 0,0,0,0,31,127,255,255
	.db 255,255,252,128,0,0,0,0
	.db 255,192,0,0,0,0,0,0
	.db 3,3,3,1,0,0,0,0
	.db 0,0,0,0,0,128,128,128
	.db 0,0,2,1,2,0,1,1
	.db 42,84,168,64,128,192,0,1
	.db 8,16,16,32,64,64,128,0
	.db 0,0,0,0,0,1,6,8
	.db 0,0,16,97,130,14,16,112
	.db 24,32,64,128,0,0,0,0
	.db 255,255,255,255,255,255,255,255
	.db 255,255,255,255,255,255,255,255
	.db 7,7,3,3,1,0,0,0
	.db 255,255,255,255,255,255,255,255
	.db 255,255,255,255,255,255,255,255
	.db 255,255,255,255,255,255,255,255
	.db 255,255,255,255,255,255,255,255
	.db 255,255,255,255,255,255,255,255
	.db 255,255,255,255,255,255,255,255

	.db 255,255,255,255,255,255,255,255
	.db 255,255,255,255,255,255,255,255
	.db 255,255,255,255,255,255,255,255
	.db 255,255,255,255,255,255,255,255
	.db 255,255,255,255,255,255,255,255
	.db 0,0,0,3,31,63,63,127
	.db 254,192,1,3,1,0,0,0
	.db 240,128,0,0,0,0,128,192
	.db 255,255,255,255,255,255,255,255
	.db 255,255,255,255,255,255,255,255
	.db 255,255,255,255,255,255,255,255
	.db 0,0,0,0,0,0,0,31
	.db 0,0,0,0,0,15,255,255
	.db 0,0,0,0,15,255,255,255
	.db 255,255,255,240,0,0,0,0
	.db 255,255,254,0,0,0,0,0
	.db 255,255,0,0,0,0,0,0
	.db 252,128,0,0,0,0,0,0
	.db 255,255,255,255,255,255,255,255
	.db 255,255,255,255,255,255,255,255
	.db 255,255,255,255,255,255,255,255
	.db 255,255,255,255,255,255,255,255
	.db 255,255,255,255,255,255,255,255
	.db 255,255,255,255,255,255,255,255
	.db 128,192,192,192,224,224,240,240
	.db 2,2,4,12,8,8,16,16
	.db 2,2,4,8,8,8,16,32
	.db 0,0,0,0,0,1,2,2
	.db 16,17,34,68,136,16,32,64
	.db 192,128,0,0,0,0,0,0
	.db 255,255,255,255,255,255,255,255
	.db 255,255,255,255,255,255,255,255
	.db 255,255,255,255,255,255,255,255
	.db 255,255,255,255,255,255,255,255
	.db 128,128,128,192,192,192,192,224
	.db 255,255,255,255,255,255,255,255
	.db 255,255,255,255,255,255,255,255
	.db 255,255,255,255,255,255,255,255
	.db 255,255,255,255,255,255,255,255
	.db 255,255,255,255,255,255,255,255

	.db 255,128,0,0,0,0,0,0
	.db 255,31,0,0,0,0,0,0
	.db 255,0,0,0,0,0,0,0
	.db 255,0,0,0,0,0,0,0
	.db 0,0,1,1,1,1,1,1
	.db 16,42,20,15,27,23,61,23
	.db 252,240,224,224,192,192,224,224
	.db 31,15,15,7,3,1,1,1
	.db 255,12,0,0,0,0,0,0
	.db 255,0,0,0,0,0,0,0
	.db 254,0,0,0,0,0,0,0
	.db 255,255,255,255,255,255,255,255
	.db 255,255,255,255,255,255,255,255
	.db 255,255,255,255,255,255,255,255
	.db 255,255,255,255,255,255,255,255
	.db 255,255,255,255,255,255,255,255
	.db 255,255,255,255,255,255,255,255
	.db 255,255,255,255,255,255,255,255
	.db 255,255,255,255,255,255,255,255
	.db 255,255,255,255,255,255,255,255
	.db 255,255,255,255,255,255,255,255
	.db 255,255,255,255,255,255,255,255
	.db 255,255,255,255,255,255,255,255
	.db 255,255,255,255,255,255,255,255
	.db 15,15,15,7,7,7,3,1
	.db 0,0,32,32,32,64,64,64
	.db 64,64,64,64,128,128,128,128
	.db 4,5,10,18,20,32,64,128
	.db 128,0,0,0,0,0,0,0
	.db 255,255,255,255,255,255,255,255
	.db 255,255,255,255,255,255,255,255
	.db 255,255,255,255,255,255,255,255
	.db 255,255,255,255,255,255,255,255
	.db 255,255,255,255,255,255,255,255
	.db 224,224,224,224,240,240,240,248
	.db 255,255,255,255,255,255,255,255
	.db 255,255,255,255,255,255,255,255
	.db 255,255,255,255,255,255,255,255
	.db 255,255,255,255,255,255,255,255
	.db 255,255,255,255,255,255,255,255

	.db 255,255,255,255,255,255,255,255
	.db 255,255,255,255,255,255,255,255
	.db 255,255,255,255,255,255,255,255
	.db 255,255,255,255,255,255,255,255
	.db 1,1,1,1,0,0,0,0
	.db 224,240,228,240,232,228,224,96
	.db 192,192,224,224,224,224,240,240
	.db 1,1,1,1,3,3,7,7
	.db 255,255,255,255,255,255,255,255
	.db 255,255,255,255,255,255,255,255
	.db 255,255,255,255,255,255,255,255
	.db 255,255,255,255,255,255,255,255
	.db 255,255,255,255,255,255,255,255
	.db 255,255,255,255,255,255,255,255
	.db 255,255,255,255,255,255,255,255
	.db 255,255,255,255,255,255,255,255
	.db 255,255,255,255,255,255,255,255
	.db 255,255,255,255,255,255,255,255
	.db 255,255,255,255,255,255,255,255
	.db 255,255,255,255,255,255,255,255
	.db 255,255,255,255,255,255,255,255
	.db 255,255,255,255,255,255,255,255
	.db 255,255,255,255,255,255,255,255
	.db 255,255,255,255,255,255,255,255
	.db 1,1,0,0,0,0,0,0
	.db 0,0,0,128,192,192,192,192
	.db 0,1,1,2,2,2,4,8
	.db 128,0,0,0,0,0,0,0
	.db 255,255,255,255,255,255,255,255
	.db 255,255,255,255,255,255,255,255
	.db 255,255,255,255,255,255,255,255
	.db 255,255,255,255,255,255,255,255
	.db 255,255,255,255,255,255,255,255
	.db 255,255,255,255,255,255,255,255
	.db 7,7,7,3,1,1,1,0
	.db 255,255,255,255,255,255,255,255
	.db 255,255,255,255,255,255,255,255
	.db 255,255,255,255,255,255,255,255
	.db 255,255,255,255,255,255,255,255
	.db 255,255,255,255,255,255,255,255

	.db 255,255,255,255,255,255,255,255
	.db 255,255,255,255,255,255,255,255
	.db 255,255,255,255,255,255,255,255
	.db 255,255,255,255,255,255,255,255
	.db 255,255,255,255,255,255,255,255
	.db 63,63,15,15,7,3,1,0
	.db 15,15,15,7,7,1,3,193
	.db 248,240,240,240,224,224,192,192
	.db 255,255,255,255,255,255,255,255
	.db 255,255,255,255,255,255,255,255
	.db 255,255,255,255,255,255,255,255
	.db 255,255,255,255,255,255,255,255
	.db 255,255,255,255,255,255,255,255
	.db 255,255,255,255,255,255,255,255
	.db 255,255,255,255,255,255,255,255
	.db 255,255,255,255,255,255,255,255
	.db 255,255,255,255,255,255,255,255
	.db 255,255,255,255,255,255,255,255
	.db 255,255,255,255,255,255,255,255
	.db 255,255,255,255,255,255,255,255
	.db 255,255,255,255,255,255,255,255
	.db 255,255,255,255,255,255,255,255
	.db 255,255,255,255,255,255,255,255
	.db 255,255,255,255,255,255,255,255
	.db 255,255,255,255,255,255,255,255
	.db 128,128,192,192,192,192,192,224
	.db 8,8,16,16,32,32,32,32
	.db 255,255,255,255,255,255,255,255
	.db 255,255,255,255,255,255,255,255
	.db 255,255,255,255,255,255,255,255
	.db 255,255,255,255,255,255,255,255
	.db 255,255,255,255,255,255,255,255
	.db 255,255,255,255,255,255,255,255
	.db 255,255,255,255,255,255,255,255
	.db 255,255,255,255,255,255,255,255
	.db 0,0,0,0,128,128,128,192
	.db 255,255,255,255,255,255,255,255
	.db 255,255,255,255,255,255,255,255
	.db 255,255,255,255,255,255,255,255
	.db 255,255,255,255,255,255,255,255

	.db 255,255,255,255,255,255,255,255
	.db 255,55,54,52,52,36,12,30
	.db 0,0,239,45,44,236,12,236
	.db 0,0,28,182,48,62,2,62
	.db 0,192,14,219,217,217,219,206
	.db 0,0,113,120,104,104,104,105
	.db 0,192,193,193,193,193,205,236
	.db 0,240,128,224,176,144,176,224
	.db 255,255,255,255,255,255,255,255
	.db 255,255,255,255,255,255,255,255
	.db 255,255,255,255,255,255,255,255
	.db 255,255,255,255,255,255,255,255
	.db 255,255,255,255,255,255,255,255
	.db 255,255,255,255,255,255,255,255
	.db 255,255,255,255,255,255,255,255
	.db 255,255,255,255,255,255,255,255
	.db 255,255,255,255,255,255,255,255
	.db 255,255,255,255,255,255,255,255
	.db 255,255,255,255,255,255,255,255
	.db 255,255,255,255,255,255,255,255
	.db 255,255,255,255,255,255,255,255
	.db 255,255,255,255,255,255,255,255
	.db 255,255,255,255,255,255,255,255
	.db 255,255,255,255,255,255,255,255
	.db 255,255,255,255,255,255,255,255
	.db 224,224,224,224,224,224,224,224
	.db 64,64,64,64,128,128,128,0
	.db 255,255,255,255,255,255,255,255
	.db 255,255,255,255,255,255,255,255
	.db 255,255,255,255,255,255,255,255
	.db 255,255,255,255,255,255,255,255
	.db 255,255,255,255,255,255,255,255
	.db 255,255,255,255,255,255,255,255
	.db 255,255,255,255,255,255,255,255
	.db 255,255,255,255,255,255,255,255
	.db 192,224,224,224,224,240,240,240
	.db 255,255,255,255,255,255,255,255
	.db 255,255,255,255,255,255,255,255
	.db 255,255,255,255,255,255,255,255
	.db 255,255,255,255,255,255,255,255

	.db 255,255,255,255,255,255,255,255
	.db 255,145,36,39,39,39,36,145
	.db 0,195,102,102,96,99,102,199
	.db 0,142,219,89,217,153,27,206
	.db 0,56,109,100,12,56,96,125
	.db 0,192,192,192,192,192,192,224
	.db 255,59,2,3,42,42,58,59
	.db 0,6,231,54,246,150,150,246
	.db 0,102,118,103,102,102,102,102
	.db 0,0,15,153,217,95,88,79
	.db 0,0,98,98,106,106,126,28
	.db 0,57,109,97,97,97,109,56
	.db 0,128,143,129,143,140,172,231
	.db 0,0,60,182,176,176,176,176
	.db 255,63,38,12,36,52,52,54
	.db 0,0,224,32,32,224,0,224
	.db 255,255,255,255,255,255,255,255
	.db 255,255,255,255,255,255,255,255
	.db 255,255,255,255,255,255,255,255
	.db 255,255,255,255,255,255,255,255
	.db 255,255,255,255,255,255,255,255
	.db 0,0,0,0,0,0,0,80
	.db 255,255,255,255,255,255,255,255
	.db 255,255,255,255,255,255,255,255
	.db 255,255,255,255,255,255,255,255
	.db 192,192,192,192,192,192,128,128
	.db 255,255,255,255,255,255,255,255
	.db 255,255,255,255,255,255,255,255
	.db 0,0,0,0,0,0,0,1
	.db 0,0,0,3,12,16,96,128
	.db 0,0,96,192,0,0,0,0
	.db 0,0,0,0,0,0,0,3
	.db 0,0,0,0,0,3,127,255
	.db 255,255,255,248,128,0,0,0
	.db 255,254,192,0,0,0,0,0
	.db 15,7,7,7,7,7,7,7
	.db 255,255,255,255,255,255,255,255
	.db 255,255,255,255,255,255,255,255
	.db 255,255,255,255,255,255,255,255
	.db 255,255,255,255,255,255,255,255

	.db 255,255,255,255,255,255,255,255
	.db 0,192,195,198,198,198,198,243
	.db 0,0,158,195,95,89,217,143
	.db 0,4,4,61,101,101,109,56
	.db 0,0,247,150,150,246,134,246
	.db 4,8,136,211,22,38,38,67
	.db 0,64,79,217,89,95,216,143
	.db 0,0,57,108,101,109,121,96
	.db 0,0,227,54,246,150,150,243
	.db 0,24,155,222,27,25,217,153
	.db 0,0,61,101,101,125,97,61
	.db 0,0,227,179,131,131,155,155
	.db 0,7,45,44,33,103,204,143
	.db 0,3,134,134,128,3,54,183
	.db 255,112,39,161,36,102,228,49
	.db 0,3,6,6,6,6,6,3
	.db 255,137,36,60,60,60,36,137
	.db 0,48,49,48,49,49,49,60
	.db 0,0,227,54,246,151,144,119
	.db 0,0,142,219,24,223,65,223
	.db 0,0,60,100,100,124,96,60
	.db 254,143,38,52,52,52,36,142
	.db 64,0,207,109,44,44,108,204
	.db 0,0,60,182,50,50,50,50
	.db 0,192,0,192,192,193,193,193
	.db 128,128,128,128,128,128,128,128
	.db 255,255,255,255,255,255,255,255
	.db 0,0,0,0,3,14,16,48
	.db 14,24,96,192,0,0,0,0
	.db 0,0,0,0,0,0,1,7
	.db 0,0,1,7,31,63,255,255
	.db 224,128,0,0,0,0,0,0
	.db 255,255,255,255,255,255,255,255
	.db 255,255,255,255,255,255,255,255
	.db 255,255,255,255,255,255,255,255
	.db 7,7,7,7,7,7,7,7
	.db 255,255,255,255,255,255,255,255
	.db 255,255,255,255,255,255,255,255
	.db 255,255,255,255,255,255,255,255
	.db 255,255,255,255,255,255,255,255

	.db 255,255,255,255,255,255,255,255
	.db 255,255,255,255,255,255,255,255
	.db 255,255,255,255,255,255,255,255
	.db 255,255,255,255,255,255,255,255
	.db 255,255,255,255,255,255,255,255
	.db 255,255,255,255,255,255,255,255
	.db 255,255,255,255,255,255,255,255
	.db 96,0,0,0,0,0,0,0
	.db 255,255,255,255,255,255,255,255
	.db 255,255,255,255,255,255,255,255
	.db 255,255,255,255,255,255,255,255
	.db 48,0,0,0,0,0,0,0
	.db 255,255,255,255,255,255,255,255
	.db 255,255,255,255,255,255,255,255
	.db 255,255,255,255,255,255,255,255
	.db 255,255,255,255,255,255,255,255
	.db 255,255,255,255,255,255,255,255
	.db 255,255,255,255,255,255,255,255
	.db 255,255,255,255,255,255,255,255
	.db 255,255,255,255,255,255,255,255
	.db 255,255,255,255,255,255,255,255
	.db 255,255,255,255,255,255,255,255
	.db 255,255,255,255,255,255,255,255
	.db 255,255,255,255,255,255,255,255
	.db 1,3,3,3,3,3,3,3
	.db 0,0,0,128,128,128,192,192
	.db 0,0,1,1,4,8,24,32
	.db 64,128,0,0,0,0,1,3
	.db 0,0,1,3,15,127,255,255
	.db 240,234,208,229,208,161,212,169
	.db 0,64,0,64,8,0,32,0
	.db 255,255,255,255,255,255,255,255
	.db 255,255,255,255,255,255,255,255
	.db 255,255,255,255,255,255,255,255
	.db 255,255,255,255,255,255,255,255
	.db 240,240,240,240,240,240,240,240
	.db 255,255,255,255,255,255,255,255
	.db 255,255,255,255,255,255,255,255
	.db 255,255,255,255,255,255,255,255
	.db 255,255,255,255,255,255,255,255


; border (and background, not used in hires)
	.db 6 
	.db 255 
; Colors
	.db 224,224,224,224,224,224,224,224,224,224,110,110,110,224,224,224,224,224
	.db 224,224,224,224,224,224,224,224,224,224,224,224,224,224,224,224,224,224
	.db 224,224,224,224
	.db 224,224,224,110,110,110,110,110,110,110,110,110,110,224,224,224,224,224
	.db 224,224,224,224,224,224,224,224,224,224,224,224,224,224,224,224,224,224
	.db 224,224,224,224
	.db 224,224,110,110,110,110,110,224,224,110,110,224,110,224,224,224,110,224
	.db 224,224,224,224,224,224,224,224,224,224,224,224,224,224,224,224,224,224
	.db 224,224,224,224
	.db 224,224,110,110,224,110,224,224,224,224,224,110,110,224,224,110,110,224
	.db 224,224,224,224,224,224,224,224,224,224,224,224,224,224,224,224,224,224
	.db 224,224,224,224
	.db 224,224,110,224,110,110,224,224,110,224,224,110,224,224,224,110,224,224
	.db 224,224,224,14,225,225,225,30,224,224,224,224,224,224,224,224,224,224,224
	.db 224,224,224
	.db 224,224,224,224,110,110,110,110,110,110,110,110,110,110,110,110,110,110
	.db 224,224,224,14,16,16,16,225,30,224,224,224,30,30,233,158,224,224,224,224
	.db 224,224
	.db 224,110,110,110,110,110,110,230,110,110,110,110,110,110,110,110,110,110
	.db 224,224,224,224,32,42,42,10,42,224,224,30,225,241,241,30,224,224,224,224
	.db 224,224
	.db 110,110,110,110,224,224,110,110,224,224,110,224,224,110,110,110,110,224
	.db 224,224,224,224,162,42,42,160,234,14,234,42,26,241,241,30,224,224,224,224
	.db 224,224
	.db 110,110,110,110,224,224,110,110,110,110,110,224,224,110,110,110,110,224
	.db 224,224,224,224,46,42,42,160,42,6,234,42,160,250,161,234,174,224,224,224
	.db 224,224
	.db 224,224,224,224,224,224,110,110,110,110,110,110,110,110,110,110,224,224
	.db 224,224,224,110,230,38,166,106,106,10,230,110,46,42,42,42,42,234,174,224
	.db 224,224
	.db 224,224,224,224,224,224,224,110,224,110,110,230,110,224,110,224,224,224
	.db 224,224,110,230,96,96,96,6,6,166,106,106,42,160,160,234,174,160,234,174
	.db 224,224
	.db 224,224,224,224,224,224,224,110,110,110,110,110,110,110,110,224,224,224
	.db 14,14,14,96,96,96,96,96,166,10,160,160,160,160,42,174,224,174,160,160,174
	.db 224
	.db 224,224,224,224,110,110,110,224,110,110,224,110,110,110,224,224,14,14,14
	.db 14,110,230,96,96,96,6,10,160,160,160,160,106,166,230,106,42,42,160,42,174
	.db 224,224,224,224,110,110,224,110,110,224,110,110,110,224,14,14,14,224,224
	.db 224,224,110,230,6,6,6,162,162,106,166,166,6,6,96,106,160,42,42,46,224
	.db 224,224,224,224,110,110,110,110,224,224,110,110,14,14,14,224,224,224,224
	.db 224,224,224,110,230,6,6,6,6,96,6,6,96,6,38,42,90,165,37,229,229
	.db 224,224,224,224,224,224,224,224,224,14,14,14,14,224,224,224,224,224,224
	.db 224,224,224,224,230,96,96,6,6,6,6,6,96,6,101,80,80,80,80,80,80
	.db 224,224,224,224,224,224,224,190,190,14,224,224,224,224,224,224,224,224,94
	.db 94,94,229,229,101,230,6,6,6,6,6,6,96,96,86,80,80,80,80,80,80
	.db 224,224,224,224,224,14,224,190,224,224,224,94,94,94,229,229,229,229,80,80
	.db 80,80,80,80,86,6,6,6,6,6,96,96,96,96,101,80,80,80,80,80
	.db 229,229,229,229,5,176,12,92,229,229,229,80,80,80,80,80,80,80,80,80,80,80
	.db 80,80,101,6,6,6,6,96,96,96,96,96,101,80,80,80,80,80
	.db 80,80,80,80,5,11,188,92,80,80,80,80,80,80,80,80,80,80,80,80,80,80,80,80
	.db 101,6,6,6,96,96,96,96,96,96,86,80,80,80,80,80
	.db 80,80,80,80,80,181,203,197,80,80,80,80,80,80,80,80,80,80,80,80,80,80,80
	.db 80,80,86,6,96,96,96,96,96,96,96,96,101,80,80,80,80
	.db 80,86,101,101,101,101,101,101,80,80,80,80,80,80,80,80,80,80,80,80,80,80
	.db 80,80,80,86,6,96,96,96,96,96,96,96,96,101,80,80,80,80
	.db 80,91,181,181,181,181,89,149,149,149,149,149,149,149,89,149,80,80,80,80
	.db 80,181,80,80,80,86,96,96,6,6,6,182,182,107,107,91,80,80,80,80
	.db 80,101,101,101,101,101,101,101,101,101,101,101,101,101,86,181,91,181,181
	.db 181,181,91,181,181,181,6,96,6,6,6,182,107,176,176,176,91,80,80,80,80
	.db 80,80,80,80,80,80,80,101,80,80,80,101,80,80,80,80,80,80,80,80,80,80,80,80
	.db 5,6,6,6,6,11,11,176,176,176,176,181,80,80,80,80


