;machine=10 (c64m)
	!byte 0,0,2,11,11,11,47,47
	!byte 0,0,170,255,252,0,0,0
	!byte 0,0,255,128,0,0,0,0
	!byte 0,0,0,0,0,0,0,0
	!byte 0,0,0,0,0,0,0,0
	!byte 0,0,0,0,0,0,0,0
	!byte 0,0,0,0,0,0,0,0
	!byte 0,0,0,0,0,0,0,0
	!byte 0,0,0,0,0,0,0,0
	!byte 0,0,0,0,0,0,0,0
	!byte 0,0,0,0,0,0,0,0
	!byte 0,0,0,0,0,0,0,0
	!byte 0,0,0,0,0,0,0,0
	!byte 0,0,0,0,0,0,0,0
	!byte 0,0,0,0,0,0,0,0
	!byte 0,0,0,0,0,0,0,0
	!byte 0,0,0,0,0,0,0,0
	!byte 0,0,0,0,0,0,0,0
	!byte 0,0,0,0,0,0,0,0
	!byte 0,0,0,0,0,0,0,0
	!byte 0,0,0,0,0,0,0,0
	!byte 0,0,0,0,0,0,0,0
	!byte 0,0,0,0,0,0,0,0
	!byte 0,0,0,0,0,0,0,0
	!byte 0,0,0,0,0,0,0,0
	!byte 0,0,0,0,0,0,0,0
	!byte 0,0,0,0,0,0,0,0
	!byte 0,0,0,0,0,0,0,0
	!byte 0,0,0,0,0,0,0,0
	!byte 0,0,0,0,0,0,0,0
	!byte 0,0,0,0,0,0,0,0
	!byte 0,0,0,0,0,0,0,0
	!byte 0,0,0,2,10,14,63,63
	!byte 0,0,0,0,192,192,192,240
	!byte 0,0,0,0,0,0,0,0
	!byte 0,0,0,0,0,0,0,0
	!byte 0,0,0,0,0,0,0,0
	!byte 0,0,0,0,0,0,0,0
	!byte 11,11,15,15,15,12,12,60
	!byte 0,0,0,0,0,0,0,3

	!byte 47,47,47,47,44,44,44,44
	!byte 0,0,0,0,0,0,0,0
	!byte 0,0,0,0,0,0,0,0
	!byte 0,0,0,0,0,0,0,0
	!byte 0,0,0,0,0,3,15,63
	!byte 0,0,0,63,255,255,255,255
	!byte 0,0,0,224,255,255,255,255
	!byte 0,0,0,0,0,240,255,255
	!byte 0,0,0,0,0,0,0,240
	!byte 0,0,0,0,0,0,0,0
	!byte 0,0,0,0,0,0,0,0
	!byte 0,0,0,0,0,0,0,0
	!byte 0,0,0,0,0,0,0,0
	!byte 0,0,0,0,0,0,0,0
	!byte 0,0,0,3,3,15,11,11
	!byte 0,0,252,254,254,255,255,255
	!byte 0,0,0,0,0,128,192,192
	!byte 0,0,0,0,0,0,0,0
	!byte 0,0,0,0,0,0,0,0
	!byte 0,0,0,0,0,0,0,0
	!byte 0,0,0,0,0,0,0,0
	!byte 0,0,0,0,0,0,0,0
	!byte 0,0,0,0,0,0,0,0
	!byte 0,0,0,0,0,0,0,0
	!byte 0,0,0,0,0,0,0,0
	!byte 0,0,0,0,0,0,0,0
	!byte 0,0,0,0,0,0,0,0
	!byte 0,0,0,0,0,0,0,0
	!byte 0,0,0,0,0,0,0,0
	!byte 0,0,0,0,0,0,0,0
	!byte 0,0,0,0,0,0,0,0
	!byte 0,0,0,0,0,0,0,0
	!byte 63,63,63,63,63,63,63,15
	!byte 240,240,176,176,176,176,128,128
	!byte 0,0,0,0,0,0,0,0
	!byte 0,0,0,0,0,0,0,0
	!byte 0,0,0,0,0,0,0,3
	!byte 0,0,0,0,2,11,191,254
	!byte 48,176,176,191,255,240,240,192
	!byte 15,63,252,192,0,0,0,0

	!byte 56,56,56,48,48,48,48,48
	!byte 0,0,0,0,0,0,0,0
	!byte 0,0,0,0,0,0,0,0
	!byte 0,0,3,3,3,15,15,15
	!byte 63,191,191,191,255,252,252,255
	!byte 240,192,192,0,63,63,255,255
	!byte 63,0,0,0,0,192,248,254
	!byte 255,15,0,0,0,0,0,0
	!byte 255,255,255,3,0,0,0,0
	!byte 0,255,255,255,63,0,0,0
	!byte 0,192,255,255,255,255,255,255
	!byte 0,0,192,252,255,255,255,252
	!byte 0,0,0,0,192,255,255,255
	!byte 0,0,0,0,0,0,192,255
	!byte 15,15,15,15,3,0,0,10
	!byte 239,191,239,163,143,63,63,255
	!byte 192,192,192,192,192,192,0,0
	!byte 0,0,0,0,0,0,0,0
	!byte 0,0,0,0,0,0,0,0
	!byte 0,0,0,0,0,0,0,0
	!byte 0,0,0,0,0,0,0,0
	!byte 0,0,0,0,0,0,0,0
	!byte 0,0,0,0,0,0,0,0
	!byte 0,0,0,0,0,0,0,0
	!byte 0,0,0,0,0,0,0,0
	!byte 0,0,0,0,0,0,0,0
	!byte 0,0,0,0,0,0,0,0
	!byte 0,0,0,0,0,0,0,0
	!byte 0,0,0,0,0,0,0,0
	!byte 0,0,0,0,0,0,0,0
	!byte 0,0,0,0,0,0,0,0
	!byte 0,0,0,0,0,0,0,0
	!byte 15,15,3,0,0,0,0,0
	!byte 240,250,250,0,0,0,0,0
	!byte 15,255,255,0,0,0,0,0
	!byte 239,255,0,0,0,0,0,0
	!byte 255,255,0,0,0,0,0,0
	!byte 240,2,2,3,3,3,3,3
	!byte 192,192,192,192,192,192,0,0
	!byte 0,0,0,0,0,0,0,0

	!byte 48,0,0,0,0,0,0,0
	!byte 0,0,0,0,0,0,0,0
	!byte 0,0,0,0,0,0,0,0
	!byte 15,14,15,15,15,15,15,3
	!byte 255,255,255,191,255,191,239,187
	!byte 255,255,255,255,255,255,255,255
	!byte 254,255,255,255,255,255,255,255
	!byte 0,0,0,0,192,192,192,192
	!byte 0,0,0,0,0,0,0,0
	!byte 0,0,0,0,3,3,3,3
	!byte 255,255,255,255,255,255,255,255
	!byte 192,192,192,0,0,0,0,0
	!byte 63,3,0,0,0,0,0,0
	!byte 255,171,2,0,0,0,0,0
	!byte 255,255,171,0,0,0,0,0
	!byte 252,240,0,0,0,0,0,0
	!byte 0,0,0,0,0,0,0,0
	!byte 0,0,0,0,0,0,0,0
	!byte 0,0,0,0,0,0,0,0
	!byte 0,0,0,0,0,0,0,0
	!byte 0,0,0,3,3,3,3,0
	!byte 56,248,254,255,255,255,207,15
	!byte 0,0,0,0,0,0,0,0
	!byte 0,0,0,0,0,0,0,0
	!byte 0,0,0,0,0,0,0,0
	!byte 0,0,0,0,0,0,0,0
	!byte 0,0,0,0,0,0,0,0
	!byte 0,0,0,0,0,0,0,0
	!byte 14,62,63,255,255,255,243,3
	!byte 0,0,128,192,192,192,192,192
	!byte 0,0,0,0,0,0,0,0
	!byte 0,0,0,0,0,0,0,0
	!byte 0,0,0,0,0,0,0,0
	!byte 0,0,0,0,0,0,0,0
	!byte 0,0,0,0,3,2,15,14
	!byte 0,0,60,255,255,255,255,255
	!byte 0,0,0,0,192,192,240,240
	!byte 11,11,11,15,15,15,15,15
	!byte 0,0,0,0,0,0,0,0
	!byte 0,0,0,0,0,0,0,0

	!byte 0,0,0,0,0,0,0,0
	!byte 0,0,0,0,0,0,0,0
	!byte 0,0,0,0,0,0,0,0
	!byte 3,3,3,0,0,0,0,0
	!byte 251,254,251,254,255,255,63,15
	!byte 255,255,255,187,238,187,170,170
	!byte 255,255,255,187,238,187,168,168
	!byte 192,192,192,0,0,0,0,0
	!byte 0,0,0,0,0,0,0,0
	!byte 2,2,3,3,3,3,15,15
	!byte 252,252,252,252,252,240,240,240
	!byte 0,0,0,0,0,0,0,0
	!byte 0,0,0,0,0,0,0,0
	!byte 0,0,0,0,0,0,0,0
	!byte 0,0,0,0,0,0,0,0
	!byte 0,0,0,0,0,0,0,0
	!byte 0,0,0,0,0,0,0,0
	!byte 0,0,0,0,0,0,0,0
	!byte 0,0,0,0,0,0,0,0
	!byte 0,0,0,0,0,0,0,0
	!byte 0,0,0,0,0,0,0,0
	!byte 15,12,12,12,12,12,12,12
	!byte 0,0,0,0,0,0,0,0
	!byte 0,0,0,0,0,0,0,0
	!byte 0,0,0,0,0,0,0,0
	!byte 0,0,0,0,0,0,0,0
	!byte 0,0,0,0,0,0,0,0
	!byte 0,0,0,0,0,0,0,0
	!byte 3,3,3,3,3,3,3,15
	!byte 192,0,0,0,0,0,0,0
	!byte 0,0,0,0,0,0,0,0
	!byte 0,0,0,0,0,0,0,0
	!byte 0,0,0,0,0,0,0,0
	!byte 0,0,0,0,0,0,0,0
	!byte 10,9,10,14,14,15,15,3
	!byte 170,234,187,238,251,238,255,255
	!byte 240,240,240,176,224,176,224,128
	!byte 12,12,44,44,44,60,60,48
	!byte 0,0,0,0,0,0,0,0
	!byte 0,0,0,0,0,0,0,0

	!byte 0,0,0,0,0,0,0,0
	!byte 0,0,0,0,0,0,0,0
	!byte 0,0,0,0,0,0,0,0
	!byte 0,0,0,0,0,0,0,0
	!byte 15,15,3,0,0,0,0,0
	!byte 255,255,255,0,0,0,0,0
	!byte 252,240,0,0,0,0,0,0
	!byte 0,0,0,0,0,0,0,0
	!byte 0,0,0,0,0,0,0,0
	!byte 14,14,14,14,14,14,14,14
	!byte 240,192,192,192,192,192,192,192
	!byte 0,0,0,0,0,0,0,0
	!byte 0,0,0,0,0,0,0,0
	!byte 0,0,0,0,0,0,0,0
	!byte 0,0,0,0,0,0,0,0
	!byte 0,0,0,0,0,0,0,0
	!byte 0,0,0,0,0,0,0,0
	!byte 0,0,0,0,0,0,0,0
	!byte 0,0,0,0,0,0,0,0
	!byte 0,0,0,0,0,0,0,0
	!byte 0,0,0,0,0,0,0,0
	!byte 12,60,60,60,48,48,48,240
	!byte 0,0,0,0,0,0,0,0
	!byte 0,0,0,0,0,0,0,0
	!byte 0,0,0,0,0,0,0,0
	!byte 0,0,0,0,0,0,0,0
	!byte 0,0,0,0,0,0,0,0
	!byte 0,0,0,0,0,0,0,0
	!byte 15,15,15,15,12,12,60,60
	!byte 0,0,0,0,0,0,0,0
	!byte 0,0,0,0,0,0,0,0
	!byte 0,0,0,0,0,0,0,0
	!byte 0,0,0,0,0,0,0,0
	!byte 0,0,0,0,0,0,0,0
	!byte 3,0,0,0,0,0,0,0
	!byte 234,251,60,0,0,0,0,0
	!byte 192,0,0,0,0,0,0,0
	!byte 48,48,48,48,48,48,48,32
	!byte 0,0,0,0,0,0,0,0
	!byte 0,0,0,0,0,0,0,0

	!byte 0,0,0,0,0,0,0,0
	!byte 0,0,0,0,0,0,0,0
	!byte 0,0,0,0,0,0,0,0
	!byte 0,0,0,0,0,0,0,0
	!byte 0,0,0,0,0,0,0,0
	!byte 0,0,0,0,0,0,0,0
	!byte 0,0,0,0,0,0,0,0
	!byte 0,0,0,0,0,0,0,0
	!byte 0,0,0,0,0,0,0,0
	!byte 43,43,47,47,47,47,175,175
	!byte 192,192,192,0,0,0,0,0
	!byte 0,0,0,0,0,0,0,0
	!byte 0,0,0,0,0,0,0,15
	!byte 0,0,0,0,0,0,0,176
	!byte 0,0,0,0,0,0,0,0
	!byte 0,0,0,0,0,0,0,3
	!byte 0,0,0,0,0,0,0,248
	!byte 0,0,0,0,0,0,0,0
	!byte 0,0,0,0,0,0,0,0
	!byte 0,0,0,0,0,0,0,0
	!byte 0,0,0,0,0,3,3,3
	!byte 240,192,192,192,192,192,0,0
	!byte 0,0,0,0,0,0,0,0
	!byte 0,0,0,0,0,0,0,0
	!byte 0,0,0,0,0,0,0,0
	!byte 0,0,0,0,0,0,0,254
	!byte 0,0,0,0,0,0,0,0
	!byte 0,0,0,0,0,0,0,3
	!byte 60,48,48,240,192,192,192,192
	!byte 0,0,0,0,0,0,0,0
	!byte 0,0,0,0,0,0,0,0
	!byte 0,0,0,0,0,0,0,254
	!byte 0,0,0,0,0,0,0,0
	!byte 0,0,0,0,0,0,0,0
	!byte 0,0,0,0,0,0,0,0
	!byte 0,0,0,0,0,0,0,0
	!byte 0,0,0,0,0,0,0,0
	!byte 51,63,63,63,63,63,15,15
	!byte 252,255,255,255,255,255,255,255
	!byte 0,128,128,176,176,176,240,240

	!byte 0,0,0,0,0,0,0,0
	!byte 0,0,0,0,0,0,0,0
	!byte 0,0,0,0,0,0,0,0
	!byte 0,0,0,0,0,0,0,0
	!byte 0,0,0,0,0,0,0,0
	!byte 0,0,0,0,0,0,0,0
	!byte 0,0,0,0,0,0,0,0
	!byte 0,0,0,0,0,0,0,0
	!byte 0,0,0,0,0,0,0,3
	!byte 191,191,191,188,188,188,188,188
	!byte 0,0,0,0,0,0,0,0
	!byte 0,0,0,3,11,11,11,11
	!byte 63,255,255,243,240,192,192,0
	!byte 248,248,252,252,15,15,15,3
	!byte 0,0,0,0,3,3,3,2
	!byte 15,63,63,252,252,240,240,192
	!byte 254,254,255,255,3,3,3,0
	!byte 0,0,0,0,0,192,192,192
	!byte 0,0,0,0,0,0,0,0
	!byte 0,0,0,0,0,0,0,0
	!byte 3,15,15,15,15,15,15,63
	!byte 3,63,60,252,192,192,0,0
	!byte 224,248,56,12,12,12,12,12
	!byte 0,0,0,0,0,0,0,0
	!byte 3,15,15,63,191,188,188,176
	!byte 255,255,255,63,0,0,0,0
	!byte 128,128,192,192,240,240,240,48
	!byte 3,3,3,3,15,15,12,12
	!byte 192,0,0,0,0,0,0,0
	!byte 0,0,0,0,0,0,0,0
	!byte 3,15,15,63,191,188,188,176
	!byte 255,255,255,3,0,0,0,0
	!byte 128,128,192,192,192,240,240,240
	!byte 0,0,0,0,0,0,0,0
	!byte 0,0,0,0,0,0,0,0
	!byte 0,0,0,0,0,0,0,0
	!byte 0,0,0,0,0,0,0,0
	!byte 3,2,0,0,0,0,0,0
	!byte 171,239,255,0,0,0,0,0
	!byte 192,192,0,0,0,0,0,0

	!byte 0,0,0,0,0,0,0,0
	!byte 0,0,0,0,0,0,0,0
	!byte 0,0,0,0,0,0,0,0
	!byte 0,0,0,0,0,0,0,0
	!byte 0,0,0,0,0,0,0,0
	!byte 0,0,0,0,0,0,0,0
	!byte 0,0,0,0,0,0,0,0
	!byte 0,0,0,0,0,0,0,0
	!byte 3,3,3,3,15,15,15,63
	!byte 188,188,252,252,252,252,252,252
	!byte 0,0,0,0,0,0,0,0
	!byte 58,58,58,56,56,248,248,248
	!byte 0,0,0,0,0,0,0,0
	!byte 3,3,3,3,3,3,3,3
	!byte 11,11,11,15,15,47,47,47
	!byte 192,192,192,0,0,0,0,0
	!byte 0,0,0,0,0,0,0,0
	!byte 192,192,192,192,192,194,194,192
	!byte 0,0,0,10,238,252,240,0
	!byte 0,0,144,160,192,3,3,3
	!byte 63,60,188,188,188,188,252,240
	!byte 0,0,0,0,0,0,0,0
	!byte 60,60,60,60,252,240,240,240
	!byte 3,3,3,3,3,15,15,15
	!byte 240,240,240,192,192,192,192,192
	!byte 0,0,0,0,0,0,0,0
	!byte 48,48,48,48,48,50,50,50
	!byte 12,60,188,176,176,240,240,240
	!byte 0,0,0,0,0,0,0,0
	!byte 3,3,3,3,3,15,15,143
	!byte 240,240,240,255,252,192,192,192
	!byte 3,15,255,240,0,0,0,0
	!byte 240,192,192,0,0,0,0,0
	!byte 0,0,0,0,0,0,0,0
	!byte 0,0,0,0,0,0,0,0
	!byte 0,0,0,0,0,0,0,0
	!byte 0,0,0,0,0,0,0,0
	!byte 0,0,0,0,0,0,0,0
	!byte 0,0,0,0,0,0,0,0
	!byte 0,0,0,0,0,0,0,0

	!byte 0,0,0,0,0,0,0,0
	!byte 0,0,0,0,0,0,0,0
	!byte 0,0,0,0,0,0,0,0
	!byte 0,0,0,0,0,0,0,0
	!byte 0,0,0,0,0,0,0,0
	!byte 0,0,0,0,0,0,0,0
	!byte 0,0,0,0,0,0,0,0
	!byte 0,0,0,0,3,3,15,63
	!byte 62,58,254,250,238,250,238,251
	!byte 252,252,252,252,252,252,252,236
	!byte 0,0,0,0,0,0,0,0
	!byte 172,175,175,191,175,187,175,187
	!byte 0,0,0,0,192,192,195,255
	!byte 15,15,12,60,252,252,240,240
	!byte 47,47,47,191,191,190,191,190
	!byte 0,192,192,192,240,240,240,255
	!byte 3,3,3,15,63,63,252,252
	!byte 192,192,0,0,0,0,0,0
	!byte 0,0,0,0,0,0,0,0
	!byte 3,15,15,14,14,62,58,58
	!byte 240,240,240,240,240,240,240,240
	!byte 0,3,3,2,3,3,3,3
	!byte 240,240,240,240,240,240,192,192
	!byte 15,15,15,14,15,14,15,14
	!byte 192,240,240,240,252,188,252,191
	!byte 0,0,0,3,15,15,63,255
	!byte 163,163,131,143,143,143,15,15
	!byte 240,192,192,192,192,192,240,191
	!byte 3,3,3,12,12,60,248,248
	!byte 143,15,15,14,15,14,15,14
	!byte 192,240,240,240,240,176,252,191
	!byte 0,0,0,0,0,0,15,255
	!byte 0,0,0,0,0,0,0,0
	!byte 0,0,0,0,0,0,0,0
	!byte 0,0,0,0,0,0,0,0
	!byte 0,0,0,0,0,0,0,0
	!byte 0,0,0,0,0,0,0,0
	!byte 0,0,0,0,0,0,0,0
	!byte 0,0,0,0,0,0,0,0
	!byte 0,0,0,0,0,0,0,0

	!byte 0,0,0,0,0,0,0,0
	!byte 0,0,0,0,0,0,0,0
	!byte 0,0,0,0,0,0,0,15
	!byte 0,0,0,0,0,0,15,255
	!byte 0,0,0,0,0,15,255,255
	!byte 0,0,0,0,15,255,255,255
	!byte 0,0,15,255,255,255,255,255
	!byte 63,255,255,255,255,255,255,255
	!byte 238,187,239,255,255,255,255,255
	!byte 238,187,239,255,255,255,255,255
	!byte 0,0,0,192,192,240,252,255
	!byte 251,254,58,63,62,15,3,195
	!byte 255,255,255,238,186,170,168,160
	!byte 160,160,227,195,3,3,3,3
	!byte 191,186,251,254,250,242,240,240
	!byte 234,170,170,238,187,255,255,252
	!byte 252,252,236,160,128,128,0,0
	!byte 0,0,0,0,0,0,3,255
	!byte 0,0,3,3,15,63,255,255
	!byte 250,238,251,238,251,254,255,255
	!byte 192,192,192,128,192,0,0,2
	!byte 3,15,15,14,63,255,255,255
	!byte 192,128,252,191,239,187,174,170
	!byte 15,15,3,3,131,224,176,252
	!byte 186,234,170,251,238,255,63,63
	!byte 255,255,251,232,160,160,128,0
	!byte 15,15,15,15,15,15,3,0
	!byte 186,234,187,238,251,255,255,252
	!byte 188,176,240,192,192,0,0,0
	!byte 15,15,3,3,3,0,0,0
	!byte 186,234,174,251,238,255,63,63
	!byte 255,255,187,232,160,160,128,0
	!byte 0,0,0,0,0,0,0,0
	!byte 0,0,0,0,0,0,0,0
	!byte 0,0,0,0,0,0,0,0
	!byte 0,0,0,0,0,0,0,0
	!byte 0,0,0,0,0,0,0,0
	!byte 0,0,0,0,0,0,0,0
	!byte 0,0,0,0,0,0,0,0
	!byte 0,0,0,0,0,0,0,0

	!byte 0,0,0,0,0,0,0,0
	!byte 0,0,0,0,0,0,0,0
	!byte 0,0,0,0,0,0,0,0
	!byte 0,0,0,0,0,0,0,0
	!byte 0,0,0,0,0,0,0,0
	!byte 0,0,0,0,0,0,0,0
	!byte 0,0,0,0,0,0,0,0
	!byte 0,0,0,0,0,0,0,0
	!byte 0,0,0,0,0,0,0,0
	!byte 0,0,0,0,0,0,0,0
	!byte 0,0,0,0,0,0,0,0
	!byte 0,0,0,0,0,0,0,0
	!byte 0,0,0,0,0,0,0,0
	!byte 3,3,14,14,14,14,14,14
	!byte 240,192,192,192,192,192,192,0
	!byte 0,0,0,0,0,0,0,0
	!byte 0,0,0,0,0,0,0,0
	!byte 0,0,0,0,0,0,0,0
	!byte 0,0,0,0,0,0,0,0
	!byte 0,0,0,0,0,0,0,0
	!byte 0,0,0,0,0,0,0,0
	!byte 0,0,0,0,0,0,0,0
	!byte 0,0,0,0,0,0,0,0
	!byte 0,0,0,0,0,0,0,0
	!byte 0,0,0,0,0,0,0,0
	!byte 0,0,0,0,0,0,0,0
	!byte 0,0,0,0,0,0,0,0
	!byte 0,0,0,0,0,0,0,0
	!byte 0,0,0,0,0,0,0,0
	!byte 0,0,0,0,0,0,0,0
	!byte 0,0,0,0,0,0,0,0
	!byte 0,0,0,0,0,0,0,0
	!byte 0,0,0,0,0,0,0,0
	!byte 0,0,0,0,0,0,0,0
	!byte 0,0,0,0,0,0,0,0
	!byte 0,0,0,0,0,0,0,0
	!byte 0,0,0,0,0,0,0,0
	!byte 0,0,0,0,0,0,0,0
	!byte 0,0,0,0,0,0,0,0
	!byte 0,0,0,0,0,0,0,0

	!byte 0,0,0,0,0,0,0,0
	!byte 0,0,0,0,0,0,0,0
	!byte 0,0,0,0,0,0,0,0
	!byte 0,0,0,0,0,0,0,0
	!byte 0,0,0,0,0,0,0,0
	!byte 0,0,0,0,0,0,0,0
	!byte 0,0,0,0,0,0,0,0
	!byte 0,0,0,0,0,0,0,0
	!byte 0,0,0,0,0,0,0,0
	!byte 0,0,0,0,0,0,0,0
	!byte 0,0,0,0,0,0,0,0
	!byte 0,0,0,0,0,0,0,0
	!byte 0,0,0,0,0,0,0,0
	!byte 14,14,58,56,56,56,56,248
	!byte 0,0,0,0,0,0,0,0
	!byte 0,0,0,0,0,0,0,0
	!byte 0,0,0,0,0,0,0,0
	!byte 0,0,0,0,0,0,0,0
	!byte 0,0,0,0,0,0,0,0
	!byte 0,0,0,0,0,0,15,15
	!byte 0,0,0,0,0,255,255,252
	!byte 0,0,0,0,0,192,248,62
	!byte 0,0,0,0,0,0,0,0
	!byte 0,0,0,0,0,0,0,0
	!byte 0,0,0,0,0,0,0,0
	!byte 0,0,0,0,0,0,0,0
	!byte 0,0,0,0,0,0,0,0
	!byte 0,0,0,0,0,0,0,0
	!byte 0,0,0,0,0,0,0,0
	!byte 0,0,0,0,0,0,0,0
	!byte 0,0,0,0,0,0,0,0
	!byte 0,0,0,0,0,0,0,0
	!byte 0,0,0,0,0,0,0,0
	!byte 0,0,0,0,0,0,0,0
	!byte 0,0,0,0,0,0,0,0
	!byte 0,0,0,0,0,0,0,0
	!byte 0,0,0,0,0,0,0,0
	!byte 0,0,0,0,0,0,0,0
	!byte 0,0,0,0,0,0,0,0
	!byte 0,0,0,0,0,0,0,0

	!byte 0,0,0,0,0,0,0,0
	!byte 0,0,0,0,0,0,0,0
	!byte 0,0,0,0,0,0,0,0
	!byte 0,0,0,0,0,0,0,0
	!byte 0,0,0,0,0,0,0,0
	!byte 0,0,0,0,0,0,0,0
	!byte 0,0,0,0,0,0,0,0
	!byte 0,0,0,0,0,0,0,0
	!byte 0,0,0,0,0,0,0,0
	!byte 0,0,0,0,0,0,0,0
	!byte 0,0,0,0,0,0,0,0
	!byte 0,0,0,0,0,0,0,0
	!byte 0,0,0,0,0,3,3,3
	!byte 188,176,176,176,176,252,191,238
	!byte 0,0,0,0,0,192,240,240
	!byte 0,0,0,0,0,0,0,0
	!byte 0,0,0,0,0,0,0,0
	!byte 0,0,0,0,0,0,0,0
	!byte 0,0,3,15,15,63,252,240
	!byte 63,255,240,192,0,0,0,0
	!byte 192,0,0,0,0,0,15,15
	!byte 15,15,3,3,0,240,252,255
	!byte 128,192,224,224,240,240,240,240
	!byte 0,0,0,0,0,0,0,0
	!byte 0,0,0,0,0,0,0,0
	!byte 0,0,0,0,0,0,0,0
	!byte 0,0,0,0,0,0,0,3
	!byte 0,0,0,0,0,0,0,192
	!byte 0,0,0,0,0,0,0,0
	!byte 0,0,0,0,0,0,0,0
	!byte 0,0,0,0,0,0,0,3
	!byte 0,0,0,0,0,0,0,248
	!byte 0,0,0,0,0,0,0,0
	!byte 0,0,0,0,0,0,0,0
	!byte 0,0,0,0,0,0,0,0
	!byte 0,0,0,0,0,0,0,0
	!byte 0,0,0,0,0,0,0,0
	!byte 0,0,0,0,0,0,0,0
	!byte 0,0,0,0,0,0,0,0
	!byte 0,0,0,0,0,0,0,0

	!byte 0,0,0,0,0,0,0,0
	!byte 0,0,0,0,0,0,0,0
	!byte 0,0,0,0,0,0,0,0
	!byte 0,0,0,0,0,0,0,0
	!byte 0,0,0,0,0,0,0,0
	!byte 0,0,0,0,0,0,0,0
	!byte 0,0,0,0,0,0,0,0
	!byte 0,0,0,0,0,0,0,0
	!byte 0,0,0,0,0,0,0,0
	!byte 0,0,0,0,0,0,0,0
	!byte 0,0,0,0,0,0,0,0
	!byte 0,0,0,0,0,3,3,0
	!byte 15,15,63,63,252,240,192,0
	!byte 238,187,252,192,0,0,0,0
	!byte 192,0,0,0,0,0,0,0
	!byte 0,0,0,0,0,0,0,0
	!byte 0,0,0,0,0,0,0,3
	!byte 3,3,15,15,47,188,252,252
	!byte 192,192,192,0,0,0,0,0
	!byte 0,0,0,0,0,0,0,0
	!byte 63,47,47,175,175,187,174,171
	!byte 255,255,255,255,255,255,255,191
	!byte 240,240,240,240,240,240,192,128
	!byte 0,0,0,0,0,0,0,0
	!byte 0,0,0,0,0,0,0,0
	!byte 0,0,0,0,0,0,0,0
	!byte 15,15,63,63,63,60,0,0
	!byte 128,224,240,240,240,240,240,240
	!byte 0,0,0,0,0,0,0,0
	!byte 0,0,0,0,0,0,0,0
	!byte 15,63,60,60,240,240,192,192
	!byte 254,3,3,0,0,0,0,0
	!byte 0,0,128,192,192,224,224,240
	!byte 0,0,0,0,0,0,0,0
	!byte 0,0,0,0,0,0,0,0
	!byte 0,0,0,0,0,0,0,0
	!byte 0,0,0,0,0,0,0,0
	!byte 0,0,0,0,0,0,0,0
	!byte 0,0,0,0,0,0,0,0
	!byte 0,0,0,0,0,0,0,0

	!byte 0,0,0,0,0,0,0,0
	!byte 0,0,0,0,0,0,0,0
	!byte 0,0,0,0,0,0,0,0
	!byte 0,0,0,0,0,0,0,0
	!byte 0,0,0,0,0,0,0,0
	!byte 0,0,0,0,0,0,0,0
	!byte 0,0,0,0,0,0,0,0
	!byte 0,0,0,0,0,0,0,0
	!byte 0,0,0,0,0,0,0,0
	!byte 0,0,0,0,0,0,0,0
	!byte 0,0,0,0,0,0,0,0
	!byte 0,0,0,0,0,0,0,0
	!byte 0,0,0,0,0,0,0,0
	!byte 0,0,0,0,0,0,0,0
	!byte 0,0,0,0,0,0,0,0
	!byte 0,0,0,0,0,0,0,0
	!byte 3,3,14,14,14,62,58,250
	!byte 252,240,240,192,192,192,192,192
	!byte 0,0,0,0,0,0,0,0
	!byte 0,0,0,0,0,0,0,0
	!byte 251,63,63,63,15,0,0,0
	!byte 187,238,187,255,252,240,0,0
	!byte 192,0,0,0,0,0,0,0
	!byte 0,0,0,0,0,0,0,0
	!byte 0,0,0,0,0,0,0,0
	!byte 0,0,0,0,0,0,0,0
	!byte 0,0,0,0,0,0,3,3
	!byte 192,192,192,192,192,192,192,192
	!byte 0,0,0,0,0,0,0,0
	!byte 3,3,3,3,15,15,12,12
	!byte 128,128,2,3,14,15,14,15
	!byte 0,252,252,255,255,255,191,238
	!byte 240,240,240,240,240,240,192,192
	!byte 0,0,0,0,0,0,0,0
	!byte 0,0,0,0,0,0,0,0
	!byte 0,0,0,0,0,0,0,0
	!byte 0,0,0,0,0,0,0,0
	!byte 0,0,0,0,0,0,0,0
	!byte 0,0,0,0,0,0,0,0
	!byte 0,0,0,0,0,0,0,0

	!byte 0,0,0,0,0,0,0,0
	!byte 0,0,0,0,0,0,0,0
	!byte 0,0,0,0,0,0,0,0
	!byte 0,0,0,0,0,0,0,0
	!byte 0,0,0,0,0,0,0,0
	!byte 0,0,0,0,0,0,0,0
	!byte 0,0,0,0,0,0,0,0
	!byte 0,0,0,0,0,0,0,0
	!byte 0,0,0,0,0,0,0,0
	!byte 0,0,0,0,0,0,0,0
	!byte 0,0,0,0,0,0,0,0
	!byte 0,0,0,0,0,0,0,0
	!byte 0,0,0,0,0,0,0,0
	!byte 0,0,0,0,0,0,0,0
	!byte 0,0,0,0,0,0,0,0
	!byte 0,0,3,3,3,3,3,14
	!byte 191,191,255,255,252,252,252,252
	!byte 0,0,0,0,0,0,0,0
	!byte 0,0,0,0,0,0,0,0
	!byte 0,0,0,0,0,0,0,0
	!byte 0,0,0,0,0,0,0,0
	!byte 0,0,0,0,0,0,0,0
	!byte 0,0,0,0,0,0,3,3
	!byte 0,0,0,248,254,254,255,255
	!byte 0,0,0,0,0,0,0,0
	!byte 0,0,0,0,0,0,0,0
	!byte 3,3,3,3,3,15,15,15
	!byte 192,192,192,0,0,0,0,0
	!byte 0,0,0,0,0,0,0,0
	!byte 12,60,60,60,48,48,48,48
	!byte 15,3,0,0,0,0,0,0
	!byte 238,251,252,252,0,0,0,0
	!byte 192,0,0,0,0,0,0,0
	!byte 0,0,0,0,0,0,0,0
	!byte 0,0,0,0,0,0,0,0
	!byte 0,0,0,0,0,0,0,0
	!byte 0,0,0,0,0,0,0,0
	!byte 0,0,0,0,0,0,0,0
	!byte 0,0,0,0,0,0,0,0
	!byte 0,0,0,0,0,0,0,0

	!byte 0,0,0,0,0,0,3,3
	!byte 0,0,0,0,0,255,251,234
	!byte 0,0,0,0,0,0,128,192
	!byte 0,0,0,0,0,0,0,0
	!byte 0,0,0,0,0,0,0,0
	!byte 0,0,0,0,0,0,0,0
	!byte 0,0,0,0,0,0,0,0
	!byte 0,0,0,0,0,0,0,0
	!byte 0,0,0,0,0,0,0,0
	!byte 0,0,0,0,0,0,0,0
	!byte 0,0,0,0,0,0,0,0
	!byte 0,0,0,0,0,0,0,0
	!byte 0,0,0,0,0,0,0,0
	!byte 0,0,0,0,0,0,0,0
	!byte 0,0,0,0,0,0,0,0
	!byte 14,14,62,62,62,62,62,62
	!byte 252,240,240,240,240,240,240,240
	!byte 0,0,0,0,0,0,0,0
	!byte 0,0,0,0,0,0,12,63
	!byte 0,0,0,0,0,0,48,255
	!byte 0,0,0,0,0,0,0,0
	!byte 0,0,0,0,0,0,0,3
	!byte 0,0,0,0,3,15,60,240
	!byte 255,15,56,168,160,0,63,255
	!byte 0,0,0,0,0,0,192,176
	!byte 0,0,0,0,0,0,0,0
	!byte 12,12,60,48,48,48,240,240
	!byte 0,0,0,0,0,0,0,0
	!byte 0,0,0,0,0,0,0,0
	!byte 48,48,240,240,240,192,192,192
	!byte 0,0,0,0,0,0,0,0
	!byte 0,0,0,0,0,0,3,15
	!byte 0,0,0,0,0,0,192,176
	!byte 0,0,0,0,0,0,0,0
	!byte 0,0,0,0,0,0,0,0
	!byte 0,0,0,0,0,0,0,0
	!byte 0,0,0,0,0,0,0,0
	!byte 0,0,0,0,0,0,0,0
	!byte 0,0,0,0,0,0,0,0
	!byte 0,0,0,0,0,0,0,0

	!byte 15,15,14,14,14,2,2,0
	!byte 255,255,255,255,255,255,255,63
	!byte 240,240,252,252,252,252,252,204
	!byte 0,0,0,0,0,0,0,0
	!byte 0,0,0,0,0,0,0,0
	!byte 0,0,0,0,0,0,0,0
	!byte 0,0,0,0,0,0,0,0
	!byte 0,0,0,0,0,0,0,0
	!byte 0,0,0,0,0,0,0,0
	!byte 0,0,0,0,0,0,0,0
	!byte 0,0,0,0,0,0,0,0
	!byte 0,0,0,0,0,0,0,0
	!byte 0,0,0,0,0,0,0,0
	!byte 0,0,0,0,0,0,0,0
	!byte 0,0,0,0,0,0,0,0
	!byte 62,254,254,254,254,254,250,250
	!byte 240,240,252,252,252,252,252,255
	!byte 0,0,0,0,0,0,0,0
	!byte 63,191,191,175,191,175,171,46
	!byte 255,255,240,240,240,240,240,240
	!byte 240,255,255,3,3,15,15,15
	!byte 63,252,0,0,0,0,0,0
	!byte 195,3,15,47,47,47,44,188
	!byte 255,255,207,192,0,0,0,0
	!byte 224,240,240,60,60,60,12,12
	!byte 0,0,0,3,3,3,3,3
	!byte 192,192,192,192,192,0,0,0
	!byte 0,0,15,63,47,43,46,10
	!byte 0,255,243,195,3,3,3,3
	!byte 192,192,240,255,3,0,0,0
	!byte 0,0,0,0,240,255,14,0
	!byte 15,15,3,0,254,250,160,0
	!byte 240,240,240,128,128,0,0,0
	!byte 0,0,0,0,0,0,0,0
	!byte 0,0,0,0,0,0,0,0
	!byte 0,0,0,0,0,0,0,0
	!byte 0,0,0,0,0,0,0,0
	!byte 0,0,0,0,0,0,0,0
	!byte 0,0,0,0,0,0,0,0
	!byte 0,0,0,0,0,0,0,0

	!byte 0,0,0,0,0,0,0,0
	!byte 0,0,0,0,0,0,0,0
	!byte 8,12,12,12,12,12,12,12
	!byte 0,0,0,0,0,0,0,3
	!byte 0,0,0,0,0,60,255,255
	!byte 0,0,0,0,0,0,0,192
	!byte 0,0,0,0,0,0,0,0
	!byte 0,0,0,0,0,0,0,0
	!byte 0,0,0,0,0,0,0,0
	!byte 0,0,0,0,0,0,0,0
	!byte 0,0,0,0,0,0,0,0
	!byte 0,0,0,0,0,0,0,0
	!byte 0,0,0,0,0,0,0,0
	!byte 0,0,0,0,0,0,0,0
	!byte 0,0,0,0,0,0,0,0
	!byte 250,254,254,254,254,255,254,63
	!byte 255,255,255,255,255,255,255,255
	!byte 0,0,0,0,192,192,192,240
	!byte 62,63,15,0,0,0,0,0
	!byte 128,128,0,0,3,3,15,63
	!byte 12,60,60,252,240,240,240,240
	!byte 0,0,0,0,3,3,3,3
	!byte 188,188,176,176,176,176,176,176
	!byte 0,0,0,0,0,0,0,0
	!byte 12,12,12,12,12,12,12,60
	!byte 15,47,44,44,188,188,188,188
	!byte 0,0,0,0,0,0,0,0
	!byte 0,0,0,0,0,0,32,240
	!byte 15,15,15,15,60,60,60,60
	!byte 0,0,0,0,0,0,0,0
	!byte 0,0,0,0,0,0,0,0
	!byte 0,0,0,0,0,0,0,0
	!byte 0,0,0,0,0,0,0,0
	!byte 0,0,0,0,0,0,0,0
	!byte 0,0,0,0,0,0,0,0
	!byte 0,0,0,0,0,0,0,192
	!byte 0,0,0,0,0,0,0,59
	!byte 0,0,0,0,0,0,0,12
	!byte 0,0,0,0,0,0,0,0
	!byte 0,0,0,0,0,0,0,0

	!byte 0,0,0,0,0,0,0,0
	!byte 0,0,0,0,0,0,0,0
	!byte 12,60,60,56,56,56,48,48
	!byte 2,14,15,14,15,14,7,7
	!byte 255,255,255,191,255,191,238,187
	!byte 192,240,240,240,240,240,224,176
	!byte 0,0,0,0,0,0,0,0
	!byte 0,0,0,0,0,0,0,0
	!byte 0,0,0,0,0,0,0,0
	!byte 0,0,0,0,0,0,0,0
	!byte 0,0,0,0,0,0,0,0
	!byte 0,0,0,0,0,0,0,0
	!byte 0,0,0,0,0,0,0,0
	!byte 0,0,0,0,0,0,48,254
	!byte 0,0,0,0,0,0,0,0
	!byte 63,63,63,63,15,15,15,15
	!byte 191,255,191,255,187,174,187,170
	!byte 252,255,255,255,255,255,187,238
	!byte 0,15,255,255,255,255,255,239
	!byte 255,255,255,255,255,255,255,255
	!byte 240,192,192,0,0,0,192,192
	!byte 3,3,3,3,3,3,3,3
	!byte 188,188,252,191,239,191,239,187
	!byte 0,0,0,3,3,15,255,255
	!byte 60,48,242,242,242,194,194,194
	!byte 176,176,176,176,176,188,175,187
	!byte 0,0,3,3,15,62,254,250
	!byte 192,192,0,0,0,0,0,0
	!byte 60,240,240,240,240,240,240,192
	!byte 0,0,0,0,0,0,0,0
	!byte 0,0,0,0,0,0,0,0
	!byte 0,0,0,0,0,0,0,0
	!byte 0,0,0,0,0,0,0,0
	!byte 0,0,0,3,3,3,3,3
	!byte 2,3,0,48,48,48,48,48
	!byte 192,192,192,192,192,192,192,192
	!byte 51,51,51,51,51,51,51,51
	!byte 44,60,12,12,12,12,12,12
	!byte 0,0,0,0,0,0,0,0
	!byte 0,0,0,0,0,0,0,0

	!byte 0,0,0,0,0,0,0,0
	!byte 0,0,0,0,0,0,0,0
	!byte 240,240,240,240,240,224,224,224
	!byte 15,15,3,3,0,0,0,0
	!byte 247,223,255,191,174,40,0,0
	!byte 176,240,192,192,0,0,0,0
	!byte 0,0,0,0,0,0,0,0
	!byte 0,0,0,0,0,0,0,0
	!byte 0,0,0,0,0,0,0,0
	!byte 0,0,0,0,0,0,0,0
	!byte 0,0,0,0,0,0,0,0
	!byte 0,0,0,0,0,0,0,0
	!byte 3,3,15,15,15,14,15,15
	!byte 255,255,255,191,239,191,239,187
	!byte 64,192,192,192,192,192,192,128
	!byte 3,3,0,0,0,0,0,0
	!byte 255,255,255,63,15,3,0,0
	!byte 238,251,255,255,255,255,255,0
	!byte 239,255,255,255,252,240,192,0
	!byte 162,195,0,0,3,3,15,0
	!byte 128,128,224,184,254,255,255,0
	!byte 3,0,0,0,0,192,252,0
	!byte 250,234,254,251,63,15,15,0
	!byte 170,171,239,188,252,240,192,0
	!byte 131,131,3,3,3,0,0,0
	!byte 250,238,251,254,255,255,63,0
	!byte 172,252,176,240,192,192,0,0
	!byte 3,3,3,15,15,15,63,60
	!byte 192,192,192,0,0,0,0,0
	!byte 0,0,0,0,0,0,0,0
	!byte 0,0,0,0,0,0,0,0
	!byte 0,0,0,0,0,0,0,0
	!byte 0,0,0,0,0,0,0,0
	!byte 3,0,0,0,0,0,0,0
	!byte 176,195,0,0,0,46,51,51
	!byte 195,243,0,0,0,46,51,51
	!byte 51,46,0,0,0,46,51,51
	!byte 12,63,0,0,0,46,51,51
	!byte 0,0,0,0,0,0,0,0
	!byte 0,0,0,0,0,0,0,12

	!byte 0,0,0,0,0,0,0,0
	!byte 0,0,3,3,3,3,3,3
	!byte 192,192,192,192,192,128,128,15
	!byte 0,0,0,0,0,0,255,255
	!byte 0,0,0,0,0,0,255,251
	!byte 0,0,0,0,0,255,255,240
	!byte 0,0,0,0,0,175,175,15
	!byte 0,0,0,0,0,192,240,240
	!byte 0,0,0,0,0,0,0,0
	!byte 0,0,0,0,0,0,0,0
	!byte 0,0,0,0,0,0,0,0
	!byte 0,0,0,0,0,0,0,0
	!byte 15,15,15,15,3,3,3,0
	!byte 251,63,12,0,128,192,224,240
	!byte 0,0,0,0,0,0,0,0
	!byte 0,0,0,0,0,0,0,0
	!byte 0,0,0,0,0,0,15,63
	!byte 0,0,0,0,63,255,192,0
	!byte 0,0,0,63,255,240,0,0
	!byte 0,0,0,255,255,0,0,0
	!byte 0,0,0,192,252,255,15,0
	!byte 0,0,0,0,0,255,255,3
	!byte 0,0,0,0,0,0,192,252
	!byte 0,0,0,0,0,0,0,0
	!byte 0,0,0,0,0,0,0,0
	!byte 0,0,0,0,0,0,0,0
	!byte 0,0,3,3,15,63,60,240
	!byte 252,240,240,192,0,0,0,0
	!byte 0,0,0,0,0,0,0,0
	!byte 0,0,0,0,0,0,0,0
	!byte 0,0,0,0,0,0,0,0
	!byte 0,0,0,0,0,0,0,0
	!byte 0,0,0,0,0,0,0,0
	!byte 0,0,0,0,0,0,0,0
	!byte 3,3,46,56,48,48,51,63
	!byte 51,51,51,51,51,51,51,46
	!byte 3,3,46,56,48,48,51,63
	!byte 51,51,51,51,51,51,51,46
	!byte 0,0,0,0,0,0,0,0
	!byte 12,12,12,12,12,44,44,44

	!byte 0,0,0,0,3,63,252,240
	!byte 3,15,15,255,254,14,14,12
	!byte 191,254,224,128,0,0,0,0
	!byte 192,0,0,0,0,0,0,0
	!byte 0,0,0,0,0,0,0,0
	!byte 0,0,0,0,0,0,0,0
	!byte 2,2,14,14,14,14,15,15
	!byte 240,252,252,252,252,252,252,252
	!byte 0,0,0,0,0,0,0,0
	!byte 0,0,0,0,0,0,0,0
	!byte 0,0,0,0,0,0,0,0
	!byte 0,0,0,0,0,0,0,0
	!byte 0,0,0,0,0,0,0,0
	!byte 60,63,3,0,0,0,0,0
	!byte 0,0,252,255,15,0,0,0
	!byte 0,15,62,160,0,0,0,0
	!byte 240,192,0,0,0,0,0,0
	!byte 0,0,0,0,0,0,0,0
	!byte 0,0,0,0,0,0,0,0
	!byte 0,0,0,0,0,0,0,0
	!byte 0,0,0,0,0,0,0,0
	!byte 0,0,0,0,0,0,0,0
	!byte 255,15,0,0,0,0,0,0
	!byte 192,255,255,63,3,0,0,0
	!byte 0,15,255,255,252,0,0,0
	!byte 63,255,252,0,0,0,0,0
	!byte 240,192,0,0,0,0,0,0
	!byte 0,0,0,0,0,0,0,0
	!byte 0,0,0,0,0,0,0,0
	!byte 0,0,0,0,0,0,0,0
	!byte 0,0,0,0,0,0,0,0
	!byte 0,0,0,0,0,0,0,0
	!byte 0,0,0,0,0,0,0,0
	!byte 0,0,0,0,0,0,0,0
	!byte 0,0,0,0,0,0,0,0
	!byte 0,0,0,0,0,0,0,0
	!byte 0,0,0,0,0,0,0,0
	!byte 0,0,0,0,0,0,0,0
	!byte 0,0,0,0,0,0,0,0
	!byte 56,56,56,56,248,248,248,248

	!byte 192,0,0,0,0,0,0,0
	!byte 60,48,48,240,240,240,224,224
	!byte 0,0,0,0,0,0,0,0
	!byte 0,0,0,0,0,0,0,0
	!byte 0,0,0,0,0,0,0,0
	!byte 0,0,0,0,0,0,0,0
	!byte 15,3,3,3,0,0,0,0
	!byte 252,252,176,160,128,0,0,0
	!byte 0,0,0,0,0,0,0,0
	!byte 3,12,12,12,12,12,3,0
	!byte 0,192,3,12,12,204,3,0
	!byte 0,0,15,204,204,207,12,0
	!byte 0,0,12,204,207,0,15,0
	!byte 0,0,204,207,204,204,204,0
	!byte 12,0,204,204,204,12,12,0
	!byte 0,0,252,204,252,12,252,0
	!byte 192,192,252,204,204,204,204,0
	!byte 192,192,240,192,192,192,192,0
	!byte 204,252,252,204,204,204,204,0
	!byte 0,0,252,12,252,204,252,0
	!byte 195,195,243,195,195,195,195,0
	!byte 12,12,207,12,12,12,12,0
	!byte 0,0,207,204,207,204,207,0
	!byte 0,0,204,204,207,15,204,0
	!byte 0,3,195,195,195,195,192,0
	!byte 195,51,3,3,3,51,195,0
	!byte 0,0,63,3,63,51,63,0
	!byte 0,0,51,63,51,48,48,0
	!byte 48,48,51,60,51,51,51,0
	!byte 0,0,63,51,63,48,63,0
	!byte 0,0,0,0,0,0,0,0
	!byte 0,0,0,0,0,0,0,0
	!byte 0,0,0,0,0,0,0,0
	!byte 0,0,0,0,0,0,0,0
	!byte 0,0,0,0,0,0,0,0
	!byte 0,0,0,0,0,0,0,0
	!byte 0,0,0,0,0,0,0,0
	!byte 0,0,0,0,2,255,0,0
	!byte 0,0,0,63,255,170,0,0
	!byte 248,248,224,224,224,128,0,0


; The following two first values are border and background
colora:
  .byte 6,0
	!byte 230,230,238,0,0,0,0,0,0,0,0,0,0,0,0,0,0,0,0,0,0,0,0,0,0,0,0,0,0,0,0,0,9,9,0,0,0,0,11,12
	!byte 230,162,0,0,14,14,1,14,14,0,0,0,0,0,6,1,1,0,0,0,0,0,0,0,0,0,0,0,0,0,0,0,8,8,0,0,12,11,11,12
	!byte 238,2,0,6,6,14,1,14,14,14,14,14,14,14,14,6,14,0,0,0,0,0,0,0,0,0,0,0,0,0,0,0,8,12,12,14,12,11,12,0
	!byte 6,2,0,14,6,14,1,14,0,14,14,14,14,6,6,14,0,0,0,0,14,1,0,0,0,0,0,0,1,1,0,0,0,0,1,1,1,11,0,0
	!byte 11,0,0,6,14,6,6,14,0,14,14,0,0,0,0,0,0,0,0,0,0,14,0,0,0,0,0,0,14,14,0,0,0,0,28,1,12,11,0,0
	!byte 0,0,0,0,6,6,6,0,0,14,14,0,0,0,0,0,0,0,0,0,0,110,0,0,0,0,0,0,14,0,0,0,0,0,11,12,12,8,0,0
	!byte 0,0,0,0,0,0,0,0,0,6,14,0,14,14,0,14,1,0,0,0,110,110,12,0,0,1,0,14,14,0,0,1,0,12,12,0,0,8,8,8
	!byte 0,0,0,0,0,0,0,0,6,6,0,6,14,1,14,14,1,14,0,0,110,30,1,6,6,14,1,14,14,0,6,14,1,10,0,0,0,9,8,9
	!byte 0,0,0,0,0,0,0,0,6,6,0,14,0,14,6,14,0,6,14,30,6,2,14,38,238,6,6,6,2,1,14,46,14,10,0,0,0,0,0,0
	!byte 0,0,0,0,0,0,0,6,14,6,0,6,14,14,6,14,14,14,0,14,14,14,46,14,182,190,190,6,6,14,6,190,11,10,0,0,0,0,0,0
	!byte 0,0,6,6,6,6,6,6,14,14,6,14,6,14,6,14,6,6,6,14,6,14,6,14,14,6,102,14,14,6,14,6,0,0,0,0,0,0,0,0
	!byte 0,0,11,11,11,11,11,11,11,11,11,11,11,190,14,0,0,0,0,0,0,14,6,235,11,11,6,0,0,0,0,12,6,12,12,12,12,0,0,0
	!byte 0,0,0,0,0,0,11,11,11,11,0,11,11,190,0,0,0,0,0,14,14,1,14,6,14,6,11,11,0,0,0,12,60,195,195,195,6,0,0,0
	!byte 0,0,0,0,0,0,0,0,0,0,0,0,6,6,14,0,0,0,14,14,14,14,1,15,6,9,14,1,0,0,14,1,12,11,11,12,12,0,0,0
	!byte 0,0,0,0,0,0,0,0,0,0,0,6,6,14,14,0,6,6,14,0,6,6,6,15,111,9,14,1,0,0,14,1,1,11,11,12,12,0,0,0
	!byte 0,0,0,0,0,0,0,0,0,0,0,0,0,0,0,0,14,14,0,0,14,14,14,8,15,9,14,14,0,14,14,6,14,12,12,12,12,0,0,0
	!byte 0,0,0,0,0,0,0,0,0,0,0,0,0,0,0,14,6,0,0,0,0,0,14,1,15,9,14,14,0,14,6,14,14,12,11,12,12,0,0,0
	!byte 9,8,9,0,0,0,0,0,0,0,0,0,0,0,0,14,14,0,14,14,0,14,14,6,158,248,254,9,0,14,0,14,14,0,0,0,0,0,0,0
	!byte 8,8,8,0,0,0,0,0,0,0,0,0,0,0,0,14,14,0,6,14,14,14,6,14,1,14,254,6,14,14,6,6,6,14,14,14,14,14,0,0
	!byte 0,0,8,1,1,1,0,0,0,0,0,0,0,0,0,14,14,14,14,6,14,6,6,15,14,6,11,1,14,0,0,14,14,14,14,12,204,12,0,0
	!byte 0,0,11,177,12,12,0,0,0,0,0,0,0,1,0,6,6,6,6,14,14,6,6,14,6,6,6,14,14,0,0,14,14,12,203,12,12,203,0,0
	!byte 12,12,11,11,27,1,12,12,12,12,12,12,14,6,22,6,6,14,14,14,14,6,14,14,14,14,14,14,14,0,0,14,14,12,203,187,187,187,11,6
	!byte 12,12,11,12,14,12,12,8,0,0,0,0,6,14,0,0,14,14,14,14,190,14,14,0,0,11,14,14,0,0,0,14,14,14,187,187,187,187,11,238
	!byte 12,11,11,12,12,12,8,8,12,12,12,12,12,6,6,6,14,12,203,139,252,0,14,14,14,14,158,15,15,0,0,14,14,14,14,14,11,11,11,230
	!byte 12,11,0,0,0,0,9,9,0,12,12,12,12,12,12,12,12,12,13,157,13,13,13,13,13,13,13,13,189,13,0,0,0,0,0,0,11,238,230,230

; The following goes to $D800 onwards
colorb:
	!byte 14,14,6,0,0,0,0,0,0,0,0,0,0,0,0,0,0,0,0,0,0,0,0,0,0,0,0,0,0,0,0,0,8,9,0,0,0,0,12,12
	!byte 14,2,0,0,14,14,14,14,14,0,0,0,0,0,14,14,14,0,0,0,0,0,0,0,0,0,0,0,0,0,0,0,8,9,0,0,12,12,12,12
	!byte 6,2,0,6,14,14,14,14,14,14,14,14,14,14,6,14,14,0,0,0,0,0,0,0,0,0,0,0,0,0,0,0,8,8,12,12,12,12,12,0
	!byte 6,2,0,6,14,14,14,14,0,14,14,14,14,14,14,14,0,0,0,0,14,14,0,0,0,0,0,0,14,14,0,0,0,0,12,1,1,12,0,0
	!byte 11,0,0,6,6,14,14,14,0,6,14,0,0,0,0,0,0,0,0,0,0,14,0,0,0,0,0,0,14,14,0,0,0,0,11,12,1,12,0,0
	!byte 0,0,0,0,6,6,6,0,0,6,14,0,0,0,0,0,0,0,0,0,0,14,0,0,0,0,0,0,14,0,0,0,0,0,11,11,12,12,0,0
	!byte 0,0,0,0,0,0,0,0,0,14,14,0,14,1,0,14,14,0,0,0,14,14,12,0,0,14,0,14,14,0,0,14,0,11,11,0,0,8,8,9
	!byte 0,0,0,0,0,0,0,0,6,14,0,14,14,14,6,14,14,14,0,0,14,14,14,14,14,14,14,14,14,0,14,14,14,11,0,0,0,8,9,9
	!byte 0,0,0,0,0,0,0,0,6,14,0,6,0,14,14,14,0,14,6,6,14,10,14,6,14,6,14,14,2,6,14,14,14,10,0,0,0,0,0,0
	!byte 0,0,0,0,0,0,0,6,6,14,0,14,14,14,14,14,14,14,0,6,14,6,14,6,14,14,6,14,14,6,14,14,10,10,0,0,0,0,0,0
	!byte 0,0,6,6,6,6,6,6,6,6,6,6,14,6,14,6,14,6,6,6,14,6,14,6,6,14,6,6,6,6,6,14,0,0,0,0,0,0,0,0
	!byte 0,0,11,11,11,11,11,11,11,11,11,11,11,6,14,0,0,0,0,0,0,6,14,6,6,6,11,0,0,0,0,12,12,6,6,6,12,0,0,0
	!byte 0,0,0,0,0,0,11,11,11,11,0,11,11,6,0,0,0,0,0,14,14,14,14,14,6,6,6,11,0,0,0,12,6,6,6,6,12,0,0,0
	!byte 0,0,0,0,0,0,0,0,0,0,0,0,6,14,14,0,0,0,14,14,14,14,14,14,14,6,14,1,0,0,14,14,12,12,12,12,12,0,0,0
	!byte 0,0,0,0,0,0,0,0,0,0,0,6,6,6,14,0,6,14,14,0,14,14,14,15,8,8,14,14,0,0,14,14,14,12,12,12,12,0,0,0
	!byte 0,0,0,0,0,0,0,0,0,0,0,0,0,0,0,0,6,14,0,0,6,6,14,15,8,8,14,14,0,14,6,14,14,12,11,12,12,0,0,0
	!byte 0,0,0,0,0,0,0,0,0,0,0,0,0,0,0,6,14,0,0,0,0,0,14,14,8,8,14,14,0,14,6,6,14,12,12,12,12,0,0,0
	!byte 9,9,8,0,0,0,0,0,0,0,0,0,0,0,0,6,14,0,14,14,0,14,14,14,1,9,14,11,0,14,0,14,1,0,0,0,0,0,0,0
	!byte 9,8,8,0,0,0,0,0,0,0,0,0,0,0,0,6,14,0,14,14,14,14,14,14,14,14,14,14,14,14,14,14,14,14,14,14,14,14,0,0
	!byte 0,0,12,1,1,1,0,0,0,0,0,0,0,0,0,6,14,14,6,14,14,6,14,8,14,14,8,14,14,0,0,14,14,14,14,12,11,12,0,0
	!byte 0,0,12,12,1,1,0,0,0,0,0,0,0,14,0,6,14,14,14,14,14,6,14,14,14,14,14,14,14,0,0,14,14,12,12,12,12,12,0,0
	!byte 12,12,12,11,12,12,12,12,12,12,12,12,6,14,14,6,6,6,6,6,6,6,6,6,6,6,6,14,14,0,0,14,14,12,12,12,12,12,12,6
	!byte 12,12,12,12,12,12,8,8,0,0,0,0,6,6,0,0,14,14,14,14,14,14,14,0,0,15,14,14,0,0,0,14,14,14,12,12,12,12,12,6
	!byte 12,12,12,12,12,12,9,8,12,12,12,12,12,6,6,14,14,12,15,15,11,0,14,14,14,14,14,11,15,0,0,14,14,14,14,14,12,12,12,14
	!byte 12,12,0,0,0,0,9,8,0,12,12,12,12,12,12,12,12,12,13,13,13,13,13,13,13,13,13,13,13,13,0,0,0,0,0,0,12,6,14,14

