splash_c_PIXELS
	!byte 0,0,0,0,0,0,0,0
	!byte 0,0,0,0,0,0,0,0
	!byte 0,0,0,0,0,0,0,0
	!byte 0,0,0,0,0,0,0,0
	!byte 0,0,0,0,0,0,0,0
	!byte 0,0,0,0,0,0,0,0
	!byte 0,0,0,0,0,0,0,0
	!byte 0,0,0,0,0,0,0,124
	!byte 0,0,0,0,0,0,0,0
	!byte 0,0,0,0,0,0,0,0
	!byte 0,0,0,0,0,0,0,0
	!byte 0,0,0,0,0,0,0,0
	!byte 0,0,0,0,0,0,0,0
	!byte 0,0,0,0,0,0,0,0
	!byte 0,0,0,0,0,0,0,0
	!byte 0,0,0,0,0,0,0,0
	!byte 0,0,0,0,0,0,0,0
	!byte 0,0,0,0,0,0,0,0
	!byte 0,0,0,0,0,0,0,0
	!byte 0,0,0,0,0,0,0,0
	!byte 0,0,0,0,0,0,0,0
	!byte 0,0,0,0,0,0,0,0
	!byte 0,0,0,0,0,0,0,0
	!byte 0,0,0,0,0,0,0,0
	!byte 0,0,0,0,0,0,0,0
	!byte 0,0,0,0,0,0,0,0
	!byte 0,0,0,0,0,0,0,0
	!byte 0,0,0,0,0,0,0,0
	!byte 0,0,0,0,0,0,0,0
	!byte 0,0,0,0,0,0,0,0
	!byte 0,0,0,0,0,0,0,0
	!byte 0,0,0,0,0,0,0,0
	!byte 0,0,0,0,0,0,0,0
	!byte 0,0,0,0,0,0,0,0
	!byte 0,0,0,0,0,0,0,0
	!byte 0,0,0,0,0,0,0,0
	!byte 0,0,0,0,0,0,0,0
	!byte 0,0,0,0,0,0,0,0
	!byte 0,0,0,0,0,0,0,0
	!byte 0,0,0,0,0,0,0,0

	!byte 0,0,0,0,0,0,0,0
	!byte 255,254,248,240,224,192,192,128
	!byte 255,7,1,0,6,7,3,1
	!byte 0,0,0,128,248,63,3,0
	!byte 0,0,0,0,0,0,224,254
	!byte 0,0,0,0,0,0,0,0
	!byte 0,0,0,0,0,0,0,0
	!byte 128,0,0,0,0,128,193,15
	!byte 0,128,128,128,128,0,0,0
	!byte 0,0,0,0,0,0,0,0
	!byte 0,0,0,0,0,0,0,0
	!byte 0,0,0,0,0,0,0,0
	!byte 0,0,0,0,0,1,3,3
	!byte 0,0,0,96,240,240,144,16
	!byte 0,0,0,0,0,0,0,0
	!byte 0,0,0,0,0,0,0,0
	!byte 0,0,0,0,0,0,1,3
	!byte 0,0,0,0,0,192,160,32
	!byte 0,0,0,0,0,0,0,0
	!byte 0,0,0,0,0,0,0,0
	!byte 0,0,0,0,0,0,0,0
	!byte 0,0,0,0,0,0,0,0
	!byte 0,0,0,0,0,0,0,0
	!byte 0,0,0,0,0,0,0,0
	!byte 0,0,0,0,0,0,0,0
	!byte 0,0,0,0,0,0,0,0
	!byte 0,0,0,0,0,0,0,0
	!byte 0,0,0,0,0,0,0,0
	!byte 0,0,0,0,0,0,0,0
	!byte 0,0,0,0,0,0,0,0
	!byte 0,0,0,0,0,0,0,0
	!byte 0,0,0,0,0,0,0,0
	!byte 0,0,0,0,0,0,0,0
	!byte 0,0,0,0,0,0,0,0
	!byte 0,0,0,0,0,0,0,0
	!byte 0,0,0,0,0,0,0,0
	!byte 0,0,0,0,0,0,0,0
	!byte 0,0,0,0,0,0,0,0
	!byte 0,0,0,0,0,0,0,0
	!byte 0,0,0,0,0,0,0,0

	!byte 0,0,0,0,0,0,0,0
	!byte 128,128,128,192,224,240,252,255
	!byte 1,1,1,1,3,7,31,255
	!byte 0,0,0,0,0,0,0,0
	!byte 128,192,192,192,193,193,131,131
	!byte 255,255,240,0,0,0,0,0
	!byte 255,254,0,0,0,0,0,0
	!byte 192,0,0,0,0,0,0,0
	!byte 0,0,0,0,0,0,0,0
	!byte 0,0,0,0,0,0,0,0
	!byte 0,0,0,0,0,0,0,0
	!byte 0,0,0,0,0,0,0,0
	!byte 7,6,14,12,12,13,11,30
	!byte 16,48,32,96,192,128,0,0
	!byte 0,0,0,0,0,0,0,0
	!byte 0,0,0,0,0,0,0,0
	!byte 6,6,4,12,8,24,16,49
	!byte 32,32,96,96,96,64,192,128
	!byte 0,0,0,0,0,0,0,0
	!byte 0,0,0,0,0,0,0,0
	!byte 0,0,0,0,0,0,0,0
	!byte 0,0,0,0,0,0,0,0
	!byte 0,0,0,0,0,0,0,0
	!byte 0,0,0,0,0,0,0,0
	!byte 0,0,0,0,0,0,0,0
	!byte 0,0,0,0,0,0,0,0
	!byte 0,0,0,0,0,0,0,0
	!byte 0,0,0,0,0,0,0,0
	!byte 0,0,0,0,0,0,0,0
	!byte 0,0,0,0,0,0,0,0
	!byte 0,0,0,0,0,0,0,0
	!byte 0,0,0,0,0,0,0,0
	!byte 0,0,0,0,0,0,0,0
	!byte 0,0,0,0,0,0,0,0
	!byte 0,0,0,0,0,0,0,0
	!byte 0,0,0,0,0,0,0,0
	!byte 0,0,0,0,0,0,0,0
	!byte 0,0,0,0,0,0,0,0
	!byte 0,0,0,0,0,0,0,0
	!byte 0,0,0,0,0,0,0,0

	!byte 0,0,0,0,0,0,0,0
	!byte 0,0,0,0,0,0,0,0
	!byte 0,0,0,0,0,0,0,0
	!byte 0,0,0,0,0,0,0,1
	!byte 120,112,112,112,224,224,224,224
	!byte 0,0,0,0,0,0,0,1
	!byte 0,0,0,0,60,255,247,225
	!byte 0,0,0,0,0,1,135,142
	!byte 0,0,0,0,3,255,190,120
	!byte 0,0,0,192,240,240,24,24
	!byte 0,0,0,0,0,0,0,0
	!byte 0,0,0,1,31,96,0,0
	!byte 28,56,240,240,48,112,103,111
	!byte 0,0,0,0,0,0,192,224
	!byte 0,0,0,0,0,0,0,3
	!byte 0,0,0,0,0,0,224,249
	!byte 49,33,99,66,198,204,136,184
	!byte 128,0,0,0,0,0,3,7
	!byte 0,0,0,0,0,0,224,48
	!byte 0,0,0,0,0,0,0,0
	!byte 0,0,0,0,0,0,0,0
	!byte 0,0,0,0,0,0,0,0
	!byte 0,0,0,0,0,0,0,0
	!byte 0,0,0,0,0,0,0,0
	!byte 0,0,0,0,0,0,0,0
	!byte 0,0,0,0,0,0,0,0
	!byte 0,0,0,0,0,0,0,0
	!byte 0,0,0,0,0,0,0,0
	!byte 0,0,0,0,0,0,0,0
	!byte 0,0,0,0,0,0,0,0
	!byte 0,0,0,0,0,0,0,0
	!byte 0,0,0,0,0,0,0,0
	!byte 0,0,0,0,0,0,0,0
	!byte 0,0,0,0,0,0,0,0
	!byte 0,0,0,0,0,0,0,0
	!byte 0,0,0,0,0,0,0,0
	!byte 0,0,0,0,0,0,0,0
	!byte 0,0,0,0,0,0,0,0
	!byte 0,0,0,0,0,0,0,0
	!byte 0,0,0,0,0,0,0,0

	!byte 0,0,0,0,0,0,0,0
	!byte 0,0,0,0,0,0,0,0
	!byte 0,0,0,0,0,0,0,0
	!byte 1,1,3,3,7,7,7,15
	!byte 192,192,192,128,128,0,0,0
	!byte 1,1,3,6,6,6,4,12
	!byte 193,225,255,31,1,3,3,3
	!byte 220,240,192,128,129,1,3,3
	!byte 112,240,224,192,192,128,128,0
	!byte 24,28,28,28,60,56,120,112
	!byte 0,0,0,0,3,31,0,0
	!byte 0,0,0,48,240,224,1,1
	!byte 125,216,240,224,224,224,192,192
	!byte 112,48,48,48,112,96,96,96
	!byte 7,14,28,30,51,32,96,192
	!byte 226,224,240,224,6,230,230,206
	!byte 240,224,192,192,192,192,128,128
	!byte 12,8,24,56,48,113,99,103
	!byte 16,32,96,192,192,128,128,0
	!byte 0,0,0,0,0,0,16,32
	!byte 0,0,0,0,0,0,0,0
	!byte 0,0,0,0,0,0,0,1
	!byte 255,255,252,240,224,192,128,0
	!byte 192,0,0,0,0,0,0,0
	!byte 63,1,0,7,0,0,0,0
	!byte 0,0,192,224,48,248,236,230
	!byte 0,0,0,0,0,0,0,0
	!byte 0,0,0,0,0,0,0,0
	!byte 0,0,0,0,0,0,0,0
	!byte 0,0,0,0,0,0,0,0
	!byte 0,0,0,0,0,0,0,0
	!byte 0,0,0,0,0,0,0,0
	!byte 0,0,0,0,0,0,0,0
	!byte 0,0,0,0,0,0,0,0
	!byte 0,0,0,0,0,0,0,0
	!byte 0,0,0,0,0,0,0,0
	!byte 0,0,0,0,0,0,0,0
	!byte 0,0,0,0,0,0,0,0
	!byte 0,0,0,0,0,0,0,0
	!byte 0,0,0,0,0,0,0,0

	!byte 0,0,0,0,0,0,0,0
	!byte 0,0,0,0,0,0,15,255
	!byte 0,0,0,0,1,7,255,255
	!byte 224,193,129,0,0,0,0,0
	!byte 0,0,0,0,128,128,240,255
	!byte 12,12,12,12,14,15,7,195
	!byte 7,6,14,12,120,248,240,192
	!byte 3,7,7,15,15,31,25,24
	!byte 0,0,3,3,6,12,248,240
	!byte 240,224,192,128,0,0,0,0
	!byte 0,0,0,0,0,0,0,0
	!byte 1,3,3,3,7,6,14,12
	!byte 128,128,128,0,1,1,1,0
	!byte 96,97,195,195,142,156,248,224
	!byte 192,192,192,193,195,199,255,124
	!byte 33,97,193,193,129,128,0,0
	!byte 128,128,128,128,128,199,255,56
	!byte 145,129,195,199,3,97,248,254
	!byte 0,0,0,1,3,15,254,184
	!byte 96,64,192,128,128,0,0,0
	!byte 0,0,0,0,0,0,0,0
	!byte 2,1,2,5,6,7,15,15
	!byte 127,190,80,160,0,0,0,0
	!byte 127,7,0,0,0,0,0,0
	!byte 255,255,15,1,0,0,0,0
	!byte 6,2,1,1,0,0,0,0
	!byte 0,128,192,96,32,32,48,252
	!byte 0,0,0,0,0,0,0,0
	!byte 0,0,0,0,0,0,0,0
	!byte 0,0,0,0,0,0,0,0
	!byte 0,0,0,0,0,0,3,15
	!byte 0,0,0,0,31,255,255,255
	!byte 252,248,192,0,0,0,0,0
	!byte 128,192,224,240,240,240,240,192
	!byte 0,0,0,0,0,0,0,0
	!byte 0,0,0,0,0,0,0,0
	!byte 0,0,0,0,0,0,0,0
	!byte 0,0,0,0,0,0,0,0
	!byte 0,0,0,0,0,0,0,0
	!byte 0,0,0,0,0,0,0,0

	!byte 0,0,0,0,0,0,0,0
	!byte 0,0,0,0,0,0,0,0
	!byte 0,0,0,0,0,0,0,0
	!byte 0,0,0,0,0,0,0,0
	!byte 0,0,0,0,0,0,0,0
	!byte 0,0,0,0,0,0,0,0
	!byte 0,0,0,0,0,0,1,1
	!byte 16,48,96,96,224,192,192,128
	!byte 0,0,0,0,0,0,0,0
	!byte 0,0,0,0,0,0,0,255
	!byte 0,0,0,0,0,0,0,128
	!byte 0,0,0,0,0,0,0,0
	!byte 0,0,0,0,0,0,0,0
	!byte 0,0,0,0,0,0,0,0
	!byte 0,0,0,0,0,0,0,0
	!byte 0,0,0,0,0,0,0,0
	!byte 0,0,0,0,0,0,0,0
	!byte 0,0,0,0,0,0,0,0
	!byte 0,0,0,0,0,0,0,0
	!byte 0,0,0,0,0,0,0,0
	!byte 0,0,0,0,0,0,0,0
	!byte 224,224,192,192,192,128,128,0
	!byte 0,1,3,15,31,63,63,127
	!byte 255,252,240,128,3,6,7,0
	!byte 128,0,12,252,128,0,0,0
	!byte 255,15,0,0,0,0,0,0
	!byte 255,220,219,66,5,9,1,9
	!byte 0,0,0,0,0,0,0,0
	!byte 0,0,0,0,0,0,0,0
	!byte 0,0,0,1,3,7,7,7
	!byte 224,128,128,0,0,0,0,0
	!byte 0,0,0,8,8,12,4,6
	!byte 143,131,128,192,64,112,48,48
	!byte 0,0,0,0,128,128,128,128
	!byte 0,0,0,0,0,0,0,0
	!byte 0,0,0,0,0,0,0,0
	!byte 0,0,0,0,0,0,0,0
	!byte 0,0,0,0,0,0,0,0
	!byte 0,0,0,0,0,0,0,0
	!byte 0,0,0,0,0,0,0,0

	!byte 0,0,0,0,0,0,0,0
	!byte 0,0,0,0,0,0,0,0
	!byte 0,0,0,0,0,0,0,0
	!byte 0,0,0,0,0,0,0,0
	!byte 0,0,0,0,0,0,0,0
	!byte 0,0,0,0,0,0,0,1
	!byte 3,6,6,12,28,56,248,240
	!byte 0,0,0,0,0,1,3,7
	!byte 3,15,28,56,96,192,128,0
	!byte 255,0,0,0,0,0,0,1
	!byte 15,3,240,252,254,195,1,0
	!byte 0,0,0,0,128,128,128,64
	!byte 0,0,0,0,0,0,0,0
	!byte 0,0,0,0,0,0,0,0
	!byte 0,0,0,0,0,48,104,200
	!byte 0,0,0,0,1,3,6,6
	!byte 0,0,0,0,224,224,48,48
	!byte 0,0,0,0,0,0,0,0
	!byte 0,0,0,0,0,0,0,0
	!byte 0,0,0,0,0,0,0,0
	!byte 0,0,0,0,0,0,0,0
	!byte 0,0,0,0,0,0,192,224
	!byte 3,3,4,0,1,3,3,1
	!byte 0,0,192,192,192,0,0,1
	!byte 0,0,0,0,0,0,0,128
	!byte 0,0,0,0,0,0,0,0
	!byte 3,3,3,3,3,3,1,0
	!byte 0,0,0,0,0,7,15,127
	!byte 224,192,192,0,0,0,0,0
	!byte 192,128,0,0,0,0,0,0
	!byte 7,3,3,1,0,0,0,0
	!byte 131,193,97,24,5,3,6,143
	!byte 224,128,128,128,0,0,0,0
	!byte 128,128,192,192,192,192,192,192
	!byte 0,0,0,0,0,0,0,0
	!byte 0,0,0,0,0,0,0,0
	!byte 0,0,0,0,0,0,0,0
	!byte 0,0,0,0,0,0,0,0
	!byte 0,0,0,0,0,0,0,0
	!byte 0,0,0,0,0,0,0,0

	!byte 0,0,0,0,0,0,0,0
	!byte 0,0,0,0,0,0,0,0
	!byte 0,0,0,0,0,0,0,0
	!byte 0,0,0,0,0,0,0,0
	!byte 0,0,0,0,0,0,0,0
	!byte 30,56,0,0,0,0,0,0
	!byte 0,0,0,0,0,0,0,0
	!byte 7,14,28,28,56,56,112,112
	!byte 0,0,0,0,0,0,0,0
	!byte 1,3,3,3,3,3,1,0
	!byte 0,0,0,0,0,0,1,207
	!byte 192,192,192,192,128,128,0,0
	!byte 0,0,0,0,0,0,0,0
	!byte 1,1,1,3,2,6,4,12
	!byte 136,136,24,24,24,16,48,96
	!byte 12,12,8,24,16,16,16,48
	!byte 48,48,96,96,0,0,0,0
	!byte 0,0,0,0,0,0,0,0
	!byte 0,0,0,0,0,0,0,0
	!byte 0,0,0,0,0,0,0,0
	!byte 0,0,0,0,0,0,0,0
	!byte 0,0,0,0,0,0,0,0
	!byte 127,63,31,15,7,3,1,0
	!byte 135,135,192,224,224,224,248,254
	!byte 128,0,0,0,0,0,0,0
	!byte 0,0,0,0,0,0,0,0
	!byte 1,7,3,3,3,0,0,1
	!byte 255,255,248,248,96,0,0,7
	!byte 0,0,0,128,224,255,255,255
	!byte 0,0,0,0,0,0,0,255
	!byte 0,0,0,0,0,0,0,0
	!byte 15,7,0,0,0,0,0,0
	!byte 0,0,0,1,131,199,255,255
	!byte 63,7,1,0,0,0,0,0
	!byte 0,0,0,128,224,248,248,254
	!byte 0,0,0,0,0,0,0,0
	!byte 0,0,0,0,0,0,0,0
	!byte 0,0,0,0,0,0,0,0
	!byte 0,0,0,0,0,0,0,0
	!byte 0,0,0,0,0,0,0,0

	!byte 0,0,0,0,0,0,0,0
	!byte 0,0,0,0,0,0,0,0
	!byte 0,0,0,0,0,0,0,0
	!byte 0,0,0,0,0,0,0,0
	!byte 0,0,0,0,0,0,0,0
	!byte 0,0,0,0,0,0,0,0
	!byte 0,0,0,0,0,0,0,0
	!byte 96,112,224,224,224,192,192,192
	!byte 0,0,0,0,0,0,0,0
	!byte 0,0,0,0,0,0,0,0
	!byte 0,0,0,0,0,1,3,3
	!byte 0,0,0,0,0,128,224,224
	!byte 0,0,0,0,0,0,56,254
	!byte 12,8,24,16,49,51,34,110
	!byte 96,64,192,128,128,0,0,15
	!byte 32,32,32,32,96,96,64,240
	!byte 0,0,0,0,0,0,0,240
	!byte 0,0,0,0,0,0,0,0
	!byte 0,0,0,0,0,0,0,0
	!byte 0,0,0,0,0,0,0,0
	!byte 0,0,0,0,0,0,0,0
	!byte 0,0,0,1,3,7,31,63
	!byte 240,128,0,0,0,0,0,0
	!byte 15,0,0,0,0,0,0,0
	!byte 255,255,31,0,0,0,0,0
	!byte 0,0,0,0,254,255,255,255
	!byte 0,0,0,0,0,128,192,240
	!byte 3,1,1,0,0,0,0,0
	!byte 15,7,5,0,0,0,0,0
	!byte 0,0,0,0,192,240,252,255
	!byte 31,7,7,7,3,3,3,3
	!byte 0,0,64,192,192,227,255,248
	!byte 0,0,0,0,0,250,128,2
	!byte 224,120,28,14,3,3,1,1
	!byte 0,0,0,0,0,0,64,192
	!byte 255,63,15,3,0,0,0,0
	!byte 0,0,0,0,0,192,240,248
	!byte 0,0,0,0,0,0,0,0
	!byte 0,0,0,0,0,0,0,0
	!byte 0,0,0,0,0,0,0,0

	!byte 0,0,0,0,0,0,0,0
	!byte 0,0,0,0,0,0,0,0
	!byte 0,0,0,0,0,0,0,0
	!byte 0,0,0,0,0,0,0,0
	!byte 0,0,0,0,0,0,0,0
	!byte 0,0,0,0,0,0,0,0
	!byte 0,0,0,0,0,0,0,0
	!byte 224,224,224,224,224,224,96,96
	!byte 248,224,224,192,192,192,224,255
	!byte 254,191,19,128,129,131,7,7
	!byte 3,247,255,192,128,128,0,0
	!byte 225,195,135,7,12,8,24,48
	!byte 199,135,3,135,254,6,6,12
	!byte 124,248,240,240,112,112,96,96
	!byte 28,48,0,0,0,1,1,1
	!byte 255,192,192,192,128,128,128,128
	!byte 240,0,0,0,0,0,0,0
	!byte 0,0,0,0,0,0,0,0
	!byte 0,0,0,0,0,0,0,0
	!byte 0,0,0,0,0,0,0,0
	!byte 0,0,0,0,0,0,1,1
	!byte 128,128,128,128,0,0,0,0
	!byte 0,0,0,0,0,0,0,0
	!byte 0,0,0,0,0,0,0,0
	!byte 0,0,0,0,0,0,0,0
	!byte 7,0,0,0,0,0,0,0
	!byte 255,0,0,0,0,0,0,0
	!byte 0,0,0,0,0,0,3,7
	!byte 255,255,255,252,128,0,0,0
	!byte 255,255,240,0,0,0,0,0
	!byte 63,192,0,0,0,0,0,0
	!byte 0,0,0,0,0,0,0,0
	!byte 0,0,0,0,0,0,0,0
	!byte 0,0,0,1,1,3,3,3
	!byte 127,63,31,15,7,3,1,0
	!byte 0,0,0,0,0,0,0,0
	!byte 3,1,0,0,0,0,0,0
	!byte 0,0,0,192,240,248,252,254
	!byte 0,0,0,0,0,0,0,0
	!byte 0,0,0,0,0,0,0,0

	!byte 0,0,0,0,0,0,0,0
	!byte 0,0,0,0,0,0,0,0
	!byte 0,0,0,0,0,0,0,0
	!byte 0,0,0,0,0,0,0,0
	!byte 0,0,0,0,0,0,0,0
	!byte 0,0,0,0,0,0,0,0
	!byte 0,0,0,0,0,0,0,0
	!byte 96,48,56,28,30,15,7,1
	!byte 0,0,0,0,0,193,255,255
	!byte 241,225,227,195,129,1,0,0
	!byte 0,0,0,0,0,0,224,248
	!byte 48,48,48,48,48,49,63,31
	!byte 8,24,48,112,224,224,192,0
	!byte 96,96,96,96,96,49,63,14
	!byte 3,3,2,6,36,228,204,24
	!byte 0,0,0,0,0,0,0,0
	!byte 0,0,0,0,0,0,0,0
	!byte 0,0,0,0,0,0,0,0
	!byte 0,0,0,0,0,0,0,1
	!byte 0,0,0,0,3,15,124,224
	!byte 3,15,63,243,195,3,3,3
	!byte 0,0,0,0,0,0,0,0
	!byte 0,0,0,0,0,0,0,0
	!byte 0,0,0,0,0,0,0,0
	!byte 0,0,0,0,0,0,0,0
	!byte 0,0,0,0,0,0,0,0
	!byte 0,0,0,1,1,3,7,15
	!byte 224,128,128,0,0,0,0,0
	!byte 0,0,0,0,0,0,0,0
	!byte 0,0,0,0,0,0,0,0
	!byte 0,0,0,0,0,0,0,0
	!byte 0,0,0,0,0,0,0,0
	!byte 0,0,0,1,3,7,15,31
	!byte 248,240,224,224,192,192,128,0
	!byte 0,0,0,0,0,0,0,0
	!byte 63,31,15,7,3,3,1,0
	!byte 0,0,0,0,0,0,0,0
	!byte 0,0,0,0,0,0,0,0
	!byte 0,0,192,224,240,248,252,254
	!byte 0,0,0,0,0,0,0,0

	!byte 0,0,0,0,0,0,0,0
	!byte 0,0,0,0,0,0,0,0
	!byte 0,0,0,0,0,0,0,0
	!byte 0,0,0,0,0,0,0,0
	!byte 0,0,0,0,0,0,0,0
	!byte 0,0,0,0,0,0,0,0
	!byte 0,0,0,0,0,0,0,0
	!byte 0,0,0,0,0,0,0,0
	!byte 0,0,0,0,0,0,0,0
	!byte 0,0,0,0,0,0,0,0
	!byte 0,0,0,1,1,3,2,2
	!byte 0,0,240,204,132,204,220,120
	!byte 0,0,0,0,0,0,0,0
	!byte 0,0,0,0,0,1,7,14
	!byte 24,48,112,96,192,128,0,0
	!byte 0,0,0,0,0,0,0,0
	!byte 0,0,0,0,0,0,1,7
	!byte 0,0,0,3,15,124,224,128
	!byte 7,62,240,192,0,0,0,0
	!byte 128,0,0,0,0,0,0,0
	!byte 1,1,1,0,0,0,0,0
	!byte 0,0,0,0,0,128,192,192
	!byte 0,0,0,0,0,0,0,0
	!byte 0,0,0,0,0,0,0,0
	!byte 0,0,0,0,0,0,0,0
	!byte 0,0,0,1,1,1,3,3
	!byte 240,224,224,224,192,128,128,128
	!byte 0,0,0,0,0,0,0,0
	!byte 0,0,0,0,0,0,0,0
	!byte 0,0,0,0,0,0,0,0
	!byte 0,0,0,0,0,0,0,0
	!byte 0,0,0,0,1,3,15,127
	!byte 252,248,240,192,0,0,0,0
	!byte 252,128,0,0,0,0,0,0
	!byte 248,248,240,240,224,224,192,192
	!byte 15,248,96,0,0,0,0,0
	!byte 224,224,224,192,192,192,96,96
	!byte 0,0,0,0,0,0,0,0
	!byte 1,0,0,0,0,1,3,31
	!byte 0,0,128,128,128,128,0,0

	!byte 0,0,0,0,0,0,0,0
	!byte 0,0,0,0,0,0,0,0
	!byte 0,0,0,0,0,0,0,0
	!byte 0,0,0,0,0,0,0,0
	!byte 0,0,0,0,0,0,0,0
	!byte 0,0,0,0,0,0,0,0
	!byte 0,0,0,0,0,0,0,0
	!byte 0,0,0,0,0,0,0,0
	!byte 0,0,0,0,0,0,0,0
	!byte 0,0,0,0,0,0,0,0
	!byte 2,3,1,0,0,0,0,0
	!byte 0,0,240,127,0,0,0,0
	!byte 0,3,127,254,0,0,0,0
	!byte 120,224,128,0,0,0,0,0
	!byte 0,0,0,0,0,1,7,30
	!byte 0,1,7,31,124,224,128,0
	!byte 62,248,192,0,0,0,0,0
	!byte 0,0,0,0,0,0,0,0
	!byte 0,0,0,0,0,0,0,0
	!byte 0,0,0,0,0,0,0,0
	!byte 0,0,0,0,0,0,0,0
	!byte 31,15,7,1,0,0,0,0
	!byte 0,0,0,0,0,128,240,240
	!byte 0,0,0,0,0,0,0,63
	!byte 0,0,0,0,0,1,14,248
	!byte 3,3,1,1,193,129,0,0
	!byte 87,42,4,0,128,0,5,254
	!byte 254,176,0,1,3,15,248,0
	!byte 0,0,0,0,7,127,255,255
	!byte 255,255,252,224,0,0,0,0
	!byte 254,224,0,0,0,0,0,0
	!byte 12,6,3,1,1,0,0,0
	!byte 0,0,0,0,128,128,192,104
	!byte 0,0,0,0,0,0,0,0
	!byte 128,0,0,0,0,0,0,0
	!byte 0,0,0,0,0,0,0,0
	!byte 32,0,32,0,0,0,0,7
	!byte 0,0,0,0,0,0,31,255
	!byte 254,252,240,224,192,128,0,0
	!byte 0,0,0,0,0,0,0,0

	!byte 0,0,0,0,0,0,0,0
	!byte 0,0,0,0,0,0,0,0
	!byte 0,0,0,0,0,0,0,0
	!byte 0,0,0,0,0,0,0,0
	!byte 0,0,0,0,0,0,0,0
	!byte 0,0,0,0,0,0,0,0
	!byte 0,0,0,0,0,0,0,0
	!byte 0,0,0,0,0,0,0,0
	!byte 0,0,0,0,0,0,0,0
	!byte 0,0,0,0,0,0,0,0
	!byte 0,0,0,0,0,0,0,0
	!byte 0,0,0,0,0,0,0,0
	!byte 0,0,0,0,1,7,30,120
	!byte 0,3,15,60,224,128,0,0
	!byte 120,192,0,0,0,0,0,0
	!byte 0,0,0,0,0,0,0,0
	!byte 0,0,0,0,0,0,0,0
	!byte 0,0,0,0,0,0,0,0
	!byte 0,0,0,0,0,0,0,0
	!byte 0,0,0,0,0,0,0,0
	!byte 0,0,0,0,0,0,0,0
	!byte 0,0,0,0,0,0,0,0
	!byte 7,3,1,1,0,0,0,0
	!byte 0,0,0,0,0,0,128,128
	!byte 0,3,0,0,0,0,0,0
	!byte 241,131,0,0,0,0,0,0
	!byte 255,248,112,0,0,0,0,0
	!byte 255,0,0,0,0,0,0,0
	!byte 0,0,0,0,0,0,0,0
	!byte 0,0,1,2,4,8,8,16
	!byte 128,128,0,0,0,0,0,0
	!byte 0,0,0,0,0,0,0,0
	!byte 116,58,21,26,13,14,5,6
	!byte 1,7,7,15,15,15,31,31
	!byte 0,0,128,128,128,224,252,251
	!byte 0,0,0,0,0,43,127,255
	!byte 255,255,254,248,128,0,0,0
	!byte 248,128,0,0,0,0,0,0
	!byte 15,0,0,0,0,0,0,0
	!byte 255,7,3,0,0,0,0,0

	!byte 0,0,0,0,0,0,0,0
	!byte 0,0,0,0,0,0,0,0
	!byte 0,0,0,0,0,0,0,0
	!byte 0,0,0,0,0,0,0,0
	!byte 0,0,0,0,0,0,0,0
	!byte 0,0,0,0,0,0,0,0
	!byte 0,0,0,0,0,0,0,0
	!byte 0,0,0,0,0,0,0,0
	!byte 0,0,0,0,0,0,0,0
	!byte 0,0,0,0,0,0,0,3
	!byte 0,0,0,1,7,30,248,224
	!byte 3,15,124,240,128,0,0,0
	!byte 224,128,0,0,0,0,0,0
	!byte 0,0,0,0,0,0,0,0
	!byte 0,0,0,0,0,0,0,0
	!byte 0,0,0,0,0,0,0,0
	!byte 0,0,0,0,0,0,0,0
	!byte 0,0,0,0,0,0,0,0
	!byte 0,0,0,0,0,0,0,0
	!byte 0,0,0,0,0,0,0,0
	!byte 0,0,0,0,0,0,0,0
	!byte 0,0,0,0,0,0,0,0
	!byte 0,0,0,0,0,0,0,0
	!byte 192,224,224,240,240,240,248,248
	!byte 0,0,0,0,0,0,0,0
	!byte 0,0,0,0,0,0,0,0
	!byte 0,0,1,1,0,5,3,85
	!byte 0,0,129,1,129,130,132,8
	!byte 128,128,128,1,0,0,0,0
	!byte 32,64,192,0,0,0,0,0
	!byte 0,0,0,0,0,0,2,4
	!byte 0,0,0,0,0,0,0,0
	!byte 6,3,1,1,1,0,0,0
	!byte 192,128,0,128,192,224,224,240
	!byte 0,0,0,0,0,0,0,0
	!byte 0,0,0,0,0,0,0,0
	!byte 0,0,0,0,0,0,0,0
	!byte 0,0,0,0,0,0,0,0
	!byte 0,0,0,0,0,0,0,0
	!byte 0,0,0,0,0,0,0,0

	!byte 0,0,0,0,0,0,0,0
	!byte 0,0,0,0,0,0,0,0
	!byte 0,0,0,0,0,0,0,0
	!byte 0,0,0,0,0,0,0,0
	!byte 0,0,0,0,0,0,0,0
	!byte 0,0,0,0,0,0,0,0
	!byte 0,0,0,0,0,0,0,0
	!byte 0,0,0,0,0,1,7,124
	!byte 0,0,1,7,126,248,224,0
	!byte 15,124,240,128,0,0,0,0
	!byte 0,0,0,0,0,0,0,0
	!byte 0,0,0,0,0,0,0,0
	!byte 0,0,0,0,0,0,0,0
	!byte 0,0,0,0,0,0,0,0
	!byte 0,0,0,0,0,0,0,0
	!byte 0,0,0,0,0,0,0,0
	!byte 0,0,0,0,0,0,0,0
	!byte 0,0,0,0,0,0,0,0
	!byte 0,0,0,0,0,0,0,31
	!byte 0,0,0,0,0,0,255,255
	!byte 0,0,0,0,31,127,255,255
	!byte 255,255,252,128,0,0,0,0
	!byte 255,192,0,0,0,0,0,0
	!byte 3,3,3,1,0,0,0,0
	!byte 0,0,0,0,0,128,128,128
	!byte 0,0,2,1,2,0,1,1
	!byte 42,84,168,64,128,192,0,1
	!byte 8,16,16,32,64,64,128,0
	!byte 0,0,0,0,0,1,6,8
	!byte 0,0,16,97,130,14,16,112
	!byte 24,32,64,128,0,0,0,0
	!byte 0,0,0,0,0,0,0,0
	!byte 0,0,0,0,0,0,0,0
	!byte 7,7,3,3,1,0,0,0
	!byte 0,0,0,0,0,0,0,0
	!byte 0,0,0,0,0,0,0,0
	!byte 0,0,0,0,0,0,0,0
	!byte 0,0,0,0,0,0,0,0
	!byte 0,0,0,0,0,0,0,0
	!byte 0,0,0,0,0,0,0,0

	!byte 0,0,0,0,0,0,0,0
	!byte 0,0,0,0,0,0,0,0
	!byte 0,0,0,0,0,0,0,0
	!byte 0,0,0,0,0,0,0,0
	!byte 0,0,0,0,0,0,0,0
	!byte 0,0,0,3,31,63,63,127
	!byte 254,192,1,3,1,0,0,0
	!byte 240,128,0,0,0,0,128,192
	!byte 0,0,0,0,0,0,0,0
	!byte 0,0,0,0,0,0,0,0
	!byte 0,0,0,0,0,0,0,0
	!byte 0,0,0,0,0,0,0,31
	!byte 0,0,0,0,0,15,255,255
	!byte 0,0,0,0,15,255,255,255
	!byte 255,255,255,240,0,0,0,0
	!byte 255,255,254,0,0,0,0,0
	!byte 255,255,0,0,0,0,0,0
	!byte 252,128,0,0,0,0,0,0
	!byte 0,0,0,0,0,0,0,0
	!byte 0,0,0,0,0,0,0,0
	!byte 0,0,0,0,0,0,0,0
	!byte 0,0,0,0,0,0,0,0
	!byte 0,0,0,0,0,0,0,0
	!byte 0,0,0,0,0,0,0,0
	!byte 128,192,192,192,224,224,240,240
	!byte 2,2,4,12,8,8,16,16
	!byte 2,2,4,8,8,8,16,32
	!byte 0,0,0,0,0,1,2,2
	!byte 16,17,34,68,136,16,32,64
	!byte 192,128,0,0,0,0,0,0
	!byte 0,0,0,0,0,0,0,0
	!byte 0,0,0,0,0,0,0,0
	!byte 0,0,0,0,0,0,0,0
	!byte 0,0,0,0,0,0,0,0
	!byte 128,128,128,192,192,192,192,224
	!byte 0,0,0,0,0,0,0,0
	!byte 0,0,0,0,0,0,0,0
	!byte 0,0,0,0,0,0,0,0
	!byte 0,0,0,0,0,0,0,0
	!byte 0,0,0,0,0,0,0,0

	!byte 255,128,0,0,0,0,0,0
	!byte 255,31,0,0,0,0,0,0
	!byte 255,0,0,0,0,0,0,0
	!byte 255,0,0,0,0,0,0,0
	!byte 0,0,1,1,1,1,1,1
	!byte 16,42,20,15,27,23,61,23
	!byte 252,240,224,224,192,192,224,224
	!byte 31,15,15,7,3,1,1,1
	!byte 255,12,0,0,0,0,0,0
	!byte 255,0,0,0,0,0,0,0
	!byte 254,0,0,0,0,0,0,0
	!byte 0,0,0,0,0,0,0,0
	!byte 0,0,0,0,0,0,0,0
	!byte 0,0,0,0,0,0,0,0
	!byte 0,0,0,0,0,0,0,0
	!byte 0,0,0,0,0,0,0,0
	!byte 0,0,0,0,0,0,0,0
	!byte 0,0,0,0,0,0,0,0
	!byte 0,0,0,0,0,0,0,0
	!byte 0,0,0,0,0,0,0,0
	!byte 0,0,0,0,0,0,0,0
	!byte 0,0,0,0,0,0,0,0
	!byte 0,0,0,0,0,0,0,0
	!byte 0,0,0,0,0,0,0,0
	!byte 15,15,15,7,7,7,3,1
	!byte 0,0,32,32,32,64,64,64
	!byte 64,64,64,64,128,128,128,128
	!byte 4,5,10,18,20,32,64,128
	!byte 128,0,0,0,0,0,0,0
	!byte 0,0,0,0,0,0,0,0
	!byte 0,0,0,0,0,0,0,0
	!byte 0,0,0,0,0,0,0,0
	!byte 0,0,0,0,0,0,0,0
	!byte 0,0,0,0,0,0,0,0
	!byte 224,224,224,224,240,240,240,248
	!byte 0,0,0,0,0,0,0,0
	!byte 0,0,0,0,0,0,0,0
	!byte 0,0,0,0,0,0,0,0
	!byte 0,0,0,0,0,0,0,0
	!byte 0,0,0,0,0,0,0,0

	!byte 0,0,0,0,0,0,0,0
	!byte 0,0,0,0,0,0,0,0
	!byte 0,0,0,0,0,0,0,0
	!byte 0,0,0,0,0,0,0,0
	!byte 1,1,1,1,0,0,0,0
	!byte 224,240,228,240,232,228,224,96
	!byte 192,192,224,224,224,224,240,240
	!byte 1,1,1,1,3,3,7,7
	!byte 0,0,0,0,0,0,0,0
	!byte 0,0,0,0,0,0,0,0
	!byte 0,0,0,0,0,0,0,0
	!byte 0,0,0,0,0,0,0,0
	!byte 0,0,0,0,0,0,0,0
	!byte 0,0,0,0,0,0,0,0
	!byte 0,0,0,0,0,0,0,0
	!byte 0,0,0,0,0,0,0,0
	!byte 0,0,0,0,0,0,0,0
	!byte 0,0,0,0,0,0,0,0
	!byte 0,0,0,0,0,0,0,0
	!byte 0,0,0,0,0,0,0,0
	!byte 0,0,0,0,0,0,0,0
	!byte 0,0,0,0,0,0,0,0
	!byte 0,0,0,0,0,0,0,0
	!byte 0,0,0,0,0,0,0,0
	!byte 1,1,0,0,0,0,0,0
	!byte 0,0,0,128,192,192,192,192
	!byte 0,1,1,2,2,2,4,8
	!byte 128,0,0,0,0,0,0,0
	!byte 0,0,0,0,0,0,0,0
	!byte 0,0,0,0,0,0,0,0
	!byte 0,0,0,0,0,0,0,0
	!byte 0,0,0,0,0,0,0,0
	!byte 0,0,0,0,0,0,0,0
	!byte 0,0,0,0,0,0,0,0
	!byte 7,7,7,3,1,1,1,0
	!byte 0,0,0,0,0,0,0,0
	!byte 0,0,0,0,0,0,0,0
	!byte 0,0,0,0,0,0,0,0
	!byte 0,0,0,0,0,0,0,0
	!byte 0,0,0,0,0,0,0,0

	!byte 0,0,0,0,0,0,0,0
	!byte 0,0,0,0,0,0,0,0
	!byte 0,0,0,0,0,0,0,0
	!byte 0,0,0,0,0,0,0,0
	!byte 0,0,0,0,0,0,0,0
	!byte 63,63,15,15,7,3,1,0
	!byte 15,15,15,7,7,1,3,193
	!byte 248,240,240,240,224,224,192,192
	!byte 0,0,0,0,0,0,0,0
	!byte 0,0,0,0,0,0,0,0
	!byte 0,0,0,0,0,0,0,0
	!byte 0,0,0,0,0,0,0,0
	!byte 0,0,0,0,0,0,0,0
	!byte 0,0,0,0,0,0,0,0
	!byte 0,0,0,0,0,0,0,0
	!byte 0,0,0,0,0,0,0,0
	!byte 0,0,0,0,0,0,0,0
	!byte 0,0,0,0,0,0,0,0
	!byte 0,0,0,0,0,0,0,0
	!byte 0,0,0,0,0,0,0,0
	!byte 0,0,0,0,0,0,0,0
	!byte 0,0,0,0,0,0,0,0
	!byte 0,0,0,0,0,0,0,0
	!byte 0,0,0,0,0,0,0,0
	!byte 0,0,0,0,0,0,0,0
	!byte 128,128,192,192,192,192,192,224
	!byte 8,8,16,16,32,32,32,32
	!byte 0,0,0,0,0,0,0,0
	!byte 0,0,0,0,0,0,0,0
	!byte 0,0,0,0,0,0,0,0
	!byte 0,0,0,0,0,0,0,0
	!byte 0,0,0,0,0,0,0,0
	!byte 0,0,0,0,0,0,0,0
	!byte 0,0,0,0,0,0,0,0
	!byte 0,0,0,0,0,0,0,0
	!byte 0,0,0,0,128,128,128,192
	!byte 0,0,0,0,0,0,0,0
	!byte 0,0,0,0,0,0,0,0
	!byte 0,0,0,0,0,0,0,0
	!byte 0,0,0,0,0,0,0,0

	!byte 0,0,0,0,0,0,0,0
	!byte 0,0,0,0,0,0,0,0
	!byte 0,0,0,0,0,0,0,0
	!byte 0,0,0,0,0,0,0,0
	!byte 0,0,0,0,0,0,0,0
	!byte 0,0,0,0,0,0,0,0
	!byte 0,0,0,0,0,0,0,0
	!byte 0,0,0,0,0,0,0,0
	!byte 0,0,0,0,0,0,0,0
	!byte 0,0,0,0,0,0,0,0
	!byte 0,0,0,0,0,0,0,0
	!byte 0,0,0,0,0,0,0,0
	!byte 0,0,0,0,0,0,0,0
	!byte 0,0,0,0,0,0,0,0
	!byte 0,0,0,0,0,0,0,0
	!byte 0,0,0,0,0,0,0,0
	!byte 0,0,0,0,0,0,0,0
	!byte 0,0,0,0,0,0,0,0
	!byte 0,0,0,0,0,0,0,0
	!byte 0,0,0,0,0,0,0,0
	!byte 0,0,0,0,0,0,0,0
	!byte 0,0,0,0,0,0,0,0
	!byte 0,0,0,0,0,0,0,0
	!byte 0,0,0,0,0,0,0,0
	!byte 0,0,0,0,0,0,0,0
	!byte 224,224,224,224,224,224,224,224
	!byte 64,64,64,64,128,128,128,0
	!byte 0,0,0,0,0,0,0,0
	!byte 0,0,0,0,0,0,0,0
	!byte 0,0,0,0,0,0,0,0
	!byte 0,0,0,0,0,0,0,0
	!byte 0,0,0,0,0,0,0,0
	!byte 0,0,0,0,0,0,0,0
	!byte 0,0,0,0,0,0,0,0
	!byte 0,0,0,0,0,0,0,0
	!byte 192,224,224,224,224,240,240,240
	!byte 0,0,0,0,0,0,0,0
	!byte 0,0,0,0,0,0,0,0
	!byte 0,0,0,0,0,0,0,0
	!byte 0,0,0,0,0,0,0,0

	!byte 0,0,0,0,0,0,0,0
	!byte 0,144,144,147,148,151,164,67
	!byte 0,0,0,40,181,32,32,161
	!byte 0,8,0,233,10,202,42,201
	!byte 0,0,0,150,90,82,82,146
	!byte 0,8,24,8,8,8,8,29
	!byte 0,64,64,72,120,8,8,8
	!byte 0,0,0,0,0,0,0,0
	!byte 0,0,0,0,0,0,0,0
	!byte 0,0,0,0,0,0,0,0
	!byte 0,0,0,0,0,0,0,0
	!byte 0,0,0,0,0,0,0,0
	!byte 0,0,0,0,0,0,0,0
	!byte 0,0,0,0,0,0,0,0
	!byte 0,0,0,0,0,0,0,0
	!byte 0,0,0,0,0,0,0,0
	!byte 0,0,0,0,0,0,0,0
	!byte 0,0,0,0,0,0,0,0
	!byte 0,0,0,0,0,0,0,0
	!byte 0,0,0,0,0,0,0,0
	!byte 0,0,0,0,0,0,0,0
	!byte 0,0,0,0,0,0,0,0
	!byte 0,0,0,0,0,0,0,0
	!byte 0,0,0,0,0,0,0,0
	!byte 0,0,0,0,0,0,0,0
	!byte 192,192,192,192,192,192,128,128
	!byte 0,0,0,0,0,0,0,0
	!byte 0,0,0,0,0,0,0,0
	!byte 0,0,0,0,0,0,0,1
	!byte 0,0,0,3,12,16,96,128
	!byte 0,0,96,192,0,0,0,0
	!byte 0,0,0,0,0,0,0,3
	!byte 0,0,0,0,0,3,127,255
	!byte 255,255,255,248,128,0,0,0
	!byte 255,254,192,0,0,0,0,0
	!byte 15,7,7,7,7,7,7,7
	!byte 0,0,0,0,0,0,0,0
	!byte 0,0,0,0,0,0,0,0
	!byte 0,0,0,0,0,0,0,0
	!byte 0,0,0,0,0,0,0,0

	!byte 0,0,0,0,0,0,0,0
	!byte 0,96,144,131,132,132,148,99
	!byte 0,0,0,57,165,165,165,56
	!byte 0,0,0,42,45,40,40,232
	!byte 0,64,0,76,82,82,82,78
	!byte 0,132,132,167,212,148,148,147
	!byte 0,3,4,0,3,4,132,7
	!byte 0,24,165,172,60,53,37,153
	!byte 0,198,41,43,207,13,9,230
	!byte 0,8,13,13,10,10,8,8
	!byte 0,129,129,185,133,157,165,152
	!byte 0,8,8,206,8,8,41,198
	!byte 0,64,64,81,106,75,74,73
	!byte 0,0,0,145,81,149,21,202
	!byte 0,6,9,8,8,8,9,6
	!byte 0,64,64,71,64,67,84,35
	!byte 0,1,1,41,181,161,161,33
	!byte 0,0,0,76,146,92,80,78
	!byte 0,0,0,0,0,0,0,0
	!byte 0,0,0,0,0,0,0,0
	!byte 0,0,0,0,0,0,0,0
	!byte 0,0,0,0,0,0,0,0
	!byte 0,0,0,0,0,0,0,0
	!byte 0,0,0,0,0,0,0,0
	!byte 0,0,0,0,0,1,1,1
	!byte 128,128,128,128,128,128,128,128
	!byte 0,0,0,0,0,0,0,0
	!byte 0,0,0,0,3,14,16,48
	!byte 14,24,96,192,0,0,0,0
	!byte 0,0,0,0,0,0,1,7
	!byte 0,0,1,7,31,63,255,255
	!byte 224,128,0,0,0,0,0,0
	!byte 0,0,0,0,0,0,0,0
	!byte 0,0,0,0,0,0,0,0
	!byte 0,0,0,0,0,0,0,0
	!byte 7,7,7,7,7,7,7,7
	!byte 0,0,0,0,0,0,0,0
	!byte 0,0,0,0,0,0,0,0
	!byte 0,0,0,0,0,0,0,0
	!byte 0,0,0,0,0,0,0,0

	!byte 0,0,0,0,0,0,0,0
	!byte 0,0,0,0,0,0,0,0
	!byte 32,33,0,0,0,0,0,0
	!byte 32,192,0,0,0,0,0,0
	!byte 2,28,0,0,0,0,0,0
	!byte 0,0,0,0,0,0,0,0
	!byte 0,0,0,0,0,0,0,0
	!byte 0,0,0,0,0,0,0,0
	!byte 0,0,0,0,0,0,0,0
	!byte 0,0,0,0,0,0,0,0
	!byte 0,0,0,0,0,0,0,0
	!byte 0,0,0,0,0,0,0,0
	!byte 0,0,0,0,0,0,0,0
	!byte 0,0,0,0,0,0,0,0
	!byte 0,0,0,0,0,0,0,0
	!byte 0,0,0,0,0,0,0,0
	!byte 0,0,0,0,0,0,0,0
	!byte 0,0,0,0,0,0,0,0
	!byte 0,0,0,0,0,0,0,0
	!byte 0,0,0,0,0,0,0,0
	!byte 0,0,0,0,0,0,0,0
	!byte 0,0,0,0,0,0,0,0
	!byte 0,0,0,0,0,0,0,0
	!byte 0,0,0,0,0,0,0,0
	!byte 1,3,3,3,3,3,3,3
	!byte 0,0,0,128,128,128,192,192
	!byte 0,0,1,1,4,8,24,32
	!byte 64,128,0,0,0,0,1,3
	!byte 0,0,1,3,15,127,255,255
	!byte 240,234,208,229,208,161,212,169
	!byte 0,64,0,64,8,0,32,0
	!byte 0,0,0,0,0,0,0,0
	!byte 0,0,0,0,0,0,0,0
	!byte 0,0,0,0,0,0,0,0
	!byte 0,0,0,0,0,0,0,0
	!byte 240,240,240,240,240,240,240,240
	!byte 0,0,0,0,0,0,0,0
	!byte 0,0,0,0,0,0,0,0
	!byte 0,0,0,0,0,0,0,0
	!byte 0,0,0,0,0,0,0,0


; The following two first values are border and background
;colora:
;  .byte 6,255
splash_l_VIDEO_RAM
	!byte 14,14,14,14,14,14,14,126,14,14,14,14,14,14,14,14,14,14,14,14,14,14,14,14,14,14,14,14,14,14,14,14,14,14,14,14,14,14,14,14
	!byte 14,231,231,126,126,14,14,231,126,14,14,14,126,126,14,14,126,126,14,14,14,14,14,14,14,14,14,14,14,14,14,14,14,14,14,14,14,14,14,14
	!byte 14,231,231,14,231,126,126,126,14,14,14,14,126,126,14,14,126,126,14,14,14,14,14,14,14,14,14,14,14,14,14,14,14,14,14,14,14,14,14,14
	!byte 14,14,14,126,126,126,126,126,126,126,14,126,126,126,126,126,126,126,126,14,14,14,14,14,14,14,14,14,14,14,14,14,14,14,14,14,14,14,14,14
	!byte 14,14,14,126,126,126,126,126,126,126,126,126,126,126,126,231,126,126,126,126,14,14,225,225,225,30,14,14,14,14,14,14,14,14,14,14,14,14,14,14
	!byte 14,126,126,231,126,126,126,126,126,126,14,126,126,126,126,126,126,231,126,126,14,14,16,16,16,225,30,14,14,14,30,30,233,158,14,14,14,14,14,14
	!byte 14,14,14,14,14,14,126,126,14,126,126,14,14,14,14,14,14,14,14,14,14,224,32,42,42,10,42,14,14,30,225,241,241,30,14,14,14,14,14,14
	!byte 14,14,14,14,14,126,126,126,126,126,231,126,14,14,126,126,126,14,14,14,14,224,162,42,42,10,234,14,234,42,26,241,241,30,14,14,14,14,14,14
	!byte 14,14,14,14,14,126,14,126,14,126,231,126,14,126,126,126,126,14,14,14,14,14,46,42,42,10,42,6,234,42,10,250,161,234,174,14,14,14,14,14
	!byte 14,14,14,14,14,14,14,126,14,14,126,126,126,126,126,126,126,14,14,14,14,110,230,38,166,106,106,10,230,110,46,42,42,42,42,234,174,14,14,14
	!byte 14,14,14,14,14,14,14,126,231,126,126,126,126,126,126,126,126,14,14,14,110,230,6,6,6,6,6,166,106,106,42,10,10,234,174,10,234,174,14,14
	!byte 14,14,14,14,14,14,14,126,126,231,126,126,126,126,126,14,14,14,14,14,14,6,6,6,6,6,166,10,10,10,10,10,42,174,14,174,10,10,174,14
	!byte 14,14,14,14,14,14,14,14,14,14,126,126,14,126,126,14,14,14,14,14,110,230,6,6,6,6,10,10,10,10,10,106,166,230,106,42,42,10,42,174
	!byte 14,14,14,14,14,14,14,14,14,14,126,126,126,126,14,14,14,14,14,14,14,110,230,6,6,6,162,162,106,166,166,6,6,6,106,10,42,42,46,14
	!byte 14,14,14,14,14,14,14,14,14,14,14,14,14,14,14,14,14,14,14,14,14,14,110,230,6,6,6,6,6,6,6,6,6,38,42,90,165,37,229,229
	!byte 14,14,14,14,14,14,14,14,14,14,14,14,14,14,14,14,14,14,14,14,14,14,14,230,6,6,6,6,6,6,6,6,6,101,5,5,5,5,5,5
	!byte 14,14,14,14,14,14,14,190,190,14,14,14,14,14,14,14,14,14,94,94,94,229,229,101,230,6,6,6,6,6,6,6,6,86,5,5,5,5,5,5
	!byte 14,14,14,14,14,14,224,190,14,14,14,94,94,94,229,229,229,229,5,5,5,5,5,5,86,6,6,6,6,6,6,6,6,6,101,5,5,5,5,5
	!byte 229,229,229,229,5,176,12,92,229,229,229,5,5,5,5,5,5,5,5,5,5,5,5,5,101,6,6,6,6,6,6,6,6,6,101,5,5,5,5,5
	!byte 5,5,5,5,5,11,188,92,5,5,5,5,5,5,5,5,5,5,5,5,5,5,5,5,101,6,6,6,6,6,6,6,6,6,86,5,5,5,5,5
	!byte 5,5,5,5,5,181,203,197,5,5,5,5,5,5,5,5,5,5,5,5,5,5,5,5,5,86,6,6,6,6,6,6,6,6,6,101,5,5,5,5
	!byte 5,5,5,5,5,5,5,5,5,5,5,5,5,5,5,5,5,5,5,5,5,5,5,5,5,86,6,6,6,6,6,6,6,6,6,101,5,5,5,5
	!byte 5,5,5,5,5,5,5,5,5,5,5,5,5,5,5,5,5,5,5,5,5,5,5,5,5,86,6,6,6,6,6,182,182,107,107,91,5,5,5,5
	!byte 5,5,5,5,5,5,5,5,5,5,5,5,5,5,5,5,5,5,5,5,5,5,5,5,5,6,6,6,6,6,182,107,11,11,11,91,5,5,5,5
	!byte 5,5,5,5,5,5,5,5,5,5,5,5,5,5,5,5,5,5,5,5,5,5,5,5,5,6,6,6,6,11,11,11,11,11,11,181,5,5,5,5

