
	!byte 3,3,3,3,3,3,3,3,3,3,3,3,3,3,3,3,3,3,3,3,3,3,3,3,3,5,5,5,3,3,3,14,9,9,9,4,14,14,14,9
	!byte 3,3,3,3,3,3,3,6,3,3,3,3,3,3,3,3,3,3,3,3,3,3,3,3,3,3,3,3,3,3,3,3,9,9,9,14,12,14,8,9
	!byte 3,3,3,6,3,6,3,3,3,3,3,3,3,3,3,3,3,3,3,3,3,3,3,3,3,3,3,3,3,3,3,3,9,9,12,12,12,12,12,9
	!byte 3,3,3,3,3,3,3,6,6,3,3,6,3,3,3,3,3,3,3,3,3,3,3,3,3,3,3,3,3,3,3,3,12,9,12,3,11,12,11,12
	!byte 3,3,3,3,3,3,3,3,3,3,3,3,3,3,3,3,3,3,3,3,3,3,3,3,3,3,3,3,3,3,3,3,9,9,12,11,11,12,11,12
	!byte 3,3,3,3,3,6,3,3,3,3,3,3,3,3,3,3,3,3,3,3,3,3,3,3,3,3,3,3,3,3,3,3,9,9,12,3,11,12,12,9
	!byte 3,3,3,3,3,3,3,3,3,3,3,3,3,3,3,3,3,3,3,3,3,3,3,3,3,3,3,3,3,3,3,3,9,9,12,3,11,12,12,9
	!byte 3,3,3,3,3,3,3,3,3,3,3,1,2,3,3,3,3,3,3,3,14,14,14,14,14,3,3,3,3,3,3,3,9,9,12,3,11,12,12,9
	!byte 3,3,3,6,6,3,6,3,3,3,3,3,10,10,14,6,6,6,2,2,2,2,1,10,10,14,14,4,14,3,3,14,9,9,12,11,11,12,8,9
	!byte 3,6,12,12,12,12,12,12,12,12,3,3,14,14,14,14,6,2,10,10,10,10,10,14,14,14,14,14,14,14,14,14,9,9,12,5,11,12,11,9
	!byte 12,12,12,12,12,12,12,12,12,12,12,12,6,6,6,6,6,10,10,14,14,14,14,14,14,14,14,14,14,14,14,14,9,9,12,6,6,6,9,9
	!byte 12,12,12,12,12,12,12,12,12,12,12,12,12,14,6,6,6,14,14,14,5,5,5,5,5,5,5,5,5,5,5,5,9,9,11,5,5,5,9,9
	!byte 5,5,5,5,5,5,5,5,5,5,5,5,5,5,14,6,6,6,5,5,5,5,5,5,5,5,5,5,5,5,5,5,9,9,11,5,5,11,8,9
	!byte 5,5,5,5,5,5,5,5,5,5,5,5,5,5,14,14,6,9,5,5,5,5,5,5,5,5,5,5,5,5,13,9,9,9,10,11,11,15,8,9
	!byte 5,5,5,5,5,5,5,5,5,5,5,5,5,5,15,8,8,9,5,5,5,5,5,5,5,5,5,5,5,5,5,5,5,5,5,5,5,9,9,9
	!byte 5,5,5,5,5,5,5,5,5,5,5,5,5,5,15,8,8,9,5,5,5,5,5,5,5,5,5,5,5,5,5,5,5,5,5,5,9,8,9,9
	!byte 5,5,5,5,5,5,5,5,5,5,5,5,5,5,15,8,8,9,5,5,5,5,5,5,5,5,5,5,5,5,5,5,5,5,9,9,9,9,9,9
	!byte 5,5,5,5,5,5,5,5,5,5,5,5,5,15,15,8,9,9,5,5,5,5,5,5,5,5,5,5,5,5,5,5,5,5,10,5,5,5,5,5
	!byte 9,5,5,5,5,5,5,5,5,5,5,5,5,15,8,5,15,8,5,5,5,5,5,5,5,1,5,5,5,5,5,5,5,5,5,5,5,5,5,5
	!byte 9,5,5,5,5,5,5,5,5,5,5,5,5,15,8,5,15,8,5,5,5,5,5,5,5,5,5,5,5,5,5,5,5,5,5,5,5,5,5,5
	!byte 9,9,5,5,5,5,5,5,5,5,5,5,15,8,5,5,5,8,5,5,5,5,5,5,5,5,5,5,5,5,5,5,5,5,5,5,5,5,5,5
	!byte 9,9,9,5,5,5,5,5,5,5,5,15,11,5,5,5,5,8,5,5,5,5,9,5,5,5,5,5,5,5,5,5,5,5,5,5,5,5,5,5
	!byte 9,5,9,9,9,5,5,5,5,5,15,15,5,5,5,5,15,8,5,5,11,9,5,5,5,5,5,5,5,5,5,5,5,5,5,5,5,5,5,5
	!byte 11,9,9,9,9,9,5,5,5,5,15,11,5,5,5,5,9,8,5,5,11,5,5,5,5,5,5,5,5,5,5,5,5,5,5,5,5,5,5,5
	!byte 11,11,11,9,9,5,9,5,5,5,11,5,5,5,5,5,5,9,5,5,5,5,5,5,5,5,5,5,5,5,5,5,5,5,5,5,5,5,5,5

