	!byte 255,255,255,255,255,255,255,255
	!byte 255,255,255,255,255,255,255,255
	!byte 255,255,255,255,255,255,255,255
	!byte 255,255,255,255,255,255,255,255
	!byte 255,255,255,255,255,255,255,255
	!byte 255,255,255,255,255,255,255,255
	!byte 255,255,255,255,255,255,255,255
	!byte 255,255,255,255,255,255,255,255
	!byte 255,255,255,255,255,255,255,255
	!byte 255,255,255,255,255,255,255,255
	!byte 255,255,255,255,255,255,255,255
	!byte 255,255,255,255,255,255,255,255
	!byte 255,255,255,255,255,255,255,255
	!byte 255,255,255,255,255,255,255,255
	!byte 255,255,255,255,255,255,255,255
	!byte 255,255,255,255,255,255,255,255
	!byte 255,255,255,255,255,255,255,255
	!byte 255,255,255,255,255,255,255,255
	!byte 255,255,255,255,255,255,255,255
	!byte 255,255,255,255,255,255,255,255
	!byte 255,255,255,255,255,255,255,255
	!byte 255,255,255,255,255,255,255,255
	!byte 255,255,255,255,255,255,255,255
	!byte 255,255,250,251,251,251,255,255
	!byte 255,234,186,234,250,254,254,234
	!byte 191,255,190,187,250,250,235,170
	!byte 255,250,253,234,235,235,235,171
	!byte 255,255,255,191,191,175,174,170
	!byte 170,187,171,255,255,250,175,255
	!byte 255,254,250,239,255,253,253,246
	!byte 219,166,239,159,191,127,239,255
	!byte 90,170,185,253,255,255,255,187
	!byte 255,191,191,191,255,255,255,247
	!byte 171,254,253,253,255,251,251,235
	!byte 191,255,255,254,191,190,254,235
	!byte 191,255,255,255,191,239,255,255
	!byte 231,189,90,122,254,126,126,191
	!byte 175,255,255,255,255,191,190,190
	!byte 255,255,251,251,251,218,251,250
	!byte 255,255,255,255,255,191,191,191

	!byte 255,255,255,255,255,255,255,255
	!byte 255,255,255,255,255,255,255,255
	!byte 255,255,255,255,255,255,255,255
	!byte 255,255,254,249,249,234,234,170
	!byte 255,255,87,229,250,191,191,175
	!byte 255,255,255,255,191,175,170,234
	!byte 255,255,255,255,255,255,175,170
	!byte 182,189,253,255,191,175,190,250
	!byte 255,255,255,255,255,255,255,255
	!byte 255,255,255,255,255,255,255,255
	!byte 255,255,255,255,255,255,254,254
	!byte 255,255,255,255,255,255,255,255
	!byte 255,255,255,255,255,255,255,255
	!byte 255,255,255,255,255,255,255,255
	!byte 255,255,255,255,255,255,239,239
	!byte 255,255,255,255,255,255,255,255
	!byte 255,255,255,255,255,255,255,255
	!byte 255,255,255,255,255,255,255,255
	!byte 255,255,255,255,255,255,255,255
	!byte 255,255,255,255,255,255,255,255
	!byte 255,255,255,255,255,255,255,255
	!byte 255,255,255,255,255,255,255,255
	!byte 255,255,255,255,255,255,255,255
	!byte 255,255,255,255,255,255,255,255
	!byte 235,239,255,255,255,255,255,255
	!byte 251,251,251,255,255,255,255,255
	!byte 255,255,255,255,255,255,255,255
	!byte 255,255,255,255,255,255,255,255
	!byte 255,250,250,250,251,253,253,253
	!byte 249,235,235,175,159,191,127,255
	!byte 251,250,250,255,255,255,255,255
	!byte 102,102,239,255,255,255,255,255
	!byte 251,251,251,251,251,251,251,123
	!byte 239,235,234,254,254,254,255,255
	!byte 255,255,251,231,233,233,233,233
	!byte 101,187,187,251,254,250,251,239
	!byte 127,127,255,254,254,254,255,255
	!byte 239,125,123,107,235,239,239,127
	!byte 191,191,191,191,187,111,111,111
	!byte 191,191,191,191,175,239,239,239

	!byte 255,255,255,255,255,255,255,255
	!byte 255,255,255,255,255,255,255,255
	!byte 255,255,255,255,255,255,255,255
	!byte 255,255,127,191,191,175,170,170
	!byte 175,175,175,175,191,255,255,255
	!byte 159,175,175,175,159,191,189,190
	!byte 154,191,127,255,255,255,255,255
	!byte 191,255,255,255,255,255,255,255
	!byte 255,255,255,255,255,255,255,255
	!byte 255,255,255,255,255,255,255,255
	!byte 254,254,254,254,250,250,251,251
	!byte 255,255,255,255,255,255,255,255
	!byte 255,255,255,255,255,255,255,255
	!byte 255,255,255,255,255,255,255,255
	!byte 239,239,239,239,175,159,191,191
	!byte 255,255,255,255,255,255,255,255
	!byte 255,255,255,255,255,255,255,255
	!byte 255,255,255,255,255,255,255,255
	!byte 255,255,255,255,255,255,255,255
	!byte 255,255,255,255,255,255,255,255
	!byte 255,255,255,255,255,255,255,255
	!byte 255,255,255,255,255,255,255,255
	!byte 255,255,255,255,255,255,255,255
	!byte 255,255,255,255,255,255,255,255
	!byte 255,255,255,255,255,255,255,255
	!byte 255,255,255,255,255,255,255,255
	!byte 255,255,255,255,255,255,255,255
	!byte 255,255,255,255,255,255,255,254
	!byte 249,249,251,231,239,159,191,127
	!byte 255,255,255,255,255,255,255,255
	!byte 255,255,255,255,255,255,255,255
	!byte 255,255,255,255,255,255,255,255
	!byte 123,123,123,123,123,123,123,123
	!byte 255,255,255,255,255,255,255,255
	!byte 122,250,251,251,239,255,255,255
	!byte 94,122,254,239,239,175,255,255
	!byte 171,171,171,251,235,239,239,239
	!byte 169,170,186,122,254,255,255,255
	!byte 159,159,159,159,167,167,167,167
	!byte 255,255,255,255,255,255,255,159

	!byte 255,255,255,255,255,255,255,255
	!byte 255,255,255,255,255,255,255,255
	!byte 255,255,255,255,255,255,255,255
	!byte 255,255,255,255,255,255,255,255
	!byte 255,255,255,255,255,253,254,246
	!byte 235,103,175,175,175,175,159,191
	!byte 254,246,219,235,175,175,175,175
	!byte 106,218,219,251,251,251,251,251
	!byte 182,253,237,239,175,175,175,175
	!byte 255,255,255,255,254,249,231,255
	!byte 251,250,249,251,187,251,251,219
	!byte 218,246,182,190,190,190,190,254
	!byte 254,246,219,235,175,175,175,175
	!byte 127,159,159,175,175,175,174,174
	!byte 191,191,191,191,191,191,191,255
	!byte 253,247,223,239,175,174,170,175
	!byte 127,159,159,175,175,191,255,239
	!byte 255,255,255,255,255,255,255,255
	!byte 255,255,255,255,255,255,255,255
	!byte 255,255,255,255,255,255,255,255
	!byte 255,255,255,255,255,255,255,255
	!byte 255,255,255,255,255,255,255,255
	!byte 255,255,255,255,255,255,255,255
	!byte 255,255,255,255,255,255,255,255
	!byte 255,255,255,255,255,255,255,255
	!byte 255,255,255,255,255,255,255,255
	!byte 255,255,255,255,255,255,255,255
	!byte 254,254,249,251,231,231,239,159
	!byte 191,255,255,255,255,255,255,255
	!byte 255,255,255,255,255,255,255,255
	!byte 255,255,255,255,255,255,255,255
	!byte 255,255,255,255,255,255,255,255
	!byte 123,123,123,123,123,107,111,111
	!byte 255,255,255,254,254,254,254,250
	!byte 255,255,255,255,254,254,254,254
	!byte 175,183,191,181,181,167,165,189
	!byte 182,182,250,235,251,251,251,251
	!byte 189,190,190,254,190,254,254,253
	!byte 126,94,254,254,254,254,254,254
	!byte 122,122,118,118,246,246,246,246

	!byte 255,255,255,255,255,255,255,255
	!byte 255,255,255,255,255,255,255,255
	!byte 255,255,255,255,255,255,255,255
	!byte 255,255,253,170,255,255,255,255
	!byte 250,218,170,170,255,255,255,255
	!byte 191,191,175,170,255,255,255,255
	!byte 175,175,174,234,255,255,255,255
	!byte 158,190,126,250,250,250,251,251
	!byte 233,235,231,159,255,255,255,255
	!byte 255,255,255,255,255,255,255,255
	!byte 235,239,239,239,255,255,255,255
	!byte 175,175,175,175,255,255,255,255
	!byte 175,175,174,234,255,255,255,255
	!byte 109,126,190,255,255,255,255,255
	!byte 251,247,167,175,255,255,255,255
	!byte 175,174,105,235,255,255,255,255
	!byte 111,191,255,255,255,255,255,255
	!byte 255,255,255,255,255,255,255,255
	!byte 255,255,255,255,255,255,255,255
	!byte 255,255,255,255,255,255,255,255
	!byte 255,255,255,255,255,255,255,255
	!byte 255,255,255,255,255,255,255,255
	!byte 255,255,255,255,255,255,255,255
	!byte 255,255,255,255,255,255,255,255
	!byte 255,255,255,255,255,255,255,255
	!byte 255,255,255,255,255,255,255,255
	!byte 255,254,254,254,249,251,231,239
	!byte 127,191,191,255,255,255,255,255
	!byte 255,255,255,255,255,255,255,255
	!byte 255,255,255,255,255,255,255,255
	!byte 255,255,255,255,255,255,255,255
	!byte 255,255,255,255,255,255,255,255
	!byte 107,111,111,107,123,123,123,123
	!byte 250,250,249,249,250,250,254,254
	!byte 254,254,254,254,254,254,254,254
	!byte 191,191,191,191,191,191,191,191
	!byte 250,234,255,251,251,251,251,250
	!byte 253,253,254,254,254,254,254,254
	!byte 126,126,126,126,126,126,126,126
	!byte 249,249,249,249,249,217,233,233

	!byte 255,255,255,255,255,255,255,255
	!byte 255,255,255,255,255,255,255,255
	!byte 255,255,255,255,255,255,255,255
	!byte 255,255,253,250,231,219,159,111
	!byte 250,170,127,255,253,254,254,255
	!byte 246,254,189,255,255,255,255,255
	!byte 255,255,255,255,191,191,127,127
	!byte 251,251,251,251,251,255,255,255
	!byte 255,255,255,255,255,255,255,255
	!byte 255,255,255,255,255,255,253,250
	!byte 255,255,255,255,255,255,255,191
	!byte 255,255,255,255,255,255,255,255
	!byte 255,255,255,255,255,255,255,255
	!byte 255,255,255,255,255,255,255,255
	!byte 255,255,255,255,255,255,255,255
	!byte 255,255,255,255,255,255,255,255
	!byte 255,255,255,255,255,255,255,255
	!byte 255,255,255,255,255,255,255,255
	!byte 255,255,255,255,255,255,255,255
	!byte 255,255,255,255,255,255,255,255
	!byte 255,255,255,255,255,255,255,255
	!byte 255,255,255,255,255,255,255,255
	!byte 255,255,255,255,255,255,255,255
	!byte 255,255,255,255,255,255,255,255
	!byte 255,255,255,255,255,255,255,255
	!byte 255,255,255,254,254,249,249,251
	!byte 159,159,191,127,255,255,255,255
	!byte 255,255,255,255,255,255,255,255
	!byte 255,255,255,255,255,255,255,255
	!byte 255,255,255,255,255,255,255,255
	!byte 255,255,255,255,255,255,255,255
	!byte 255,255,255,255,255,255,255,255
	!byte 123,123,127,127,111,111,106,107
	!byte 254,254,250,250,250,250,250,250
	!byte 254,254,254,254,254,254,254,254
	!byte 126,254,254,254,254,254,254,254
	!byte 250,250,250,254,255,254,254,254
	!byte 254,251,255,191,191,191,191,191
	!byte 233,233,231,231,159,159,159,159
	!byte 111,111,111,107,107,111,111,174

	!byte 255,255,255,255,255,255,255,255
	!byte 255,255,255,255,255,255,255,255
	!byte 253,254,246,250,249,251,219,235
	!byte 191,127,255,255,255,255,255,255
	!byte 255,255,255,255,255,255,255,255
	!byte 170,170,235,255,255,255,255,255
	!byte 191,255,255,255,255,255,255,255
	!byte 255,255,255,255,255,255,255,255
	!byte 255,255,239,239,239,239,239,239
	!byte 251,251,251,219,239,239,239,239
	!byte 191,159,239,239,239,255,255,255
	!byte 255,255,255,255,255,253,250,250
	!byte 255,255,255,255,155,102,154,106
	!byte 255,255,255,255,255,255,191,191
	!byte 255,255,255,255,255,255,255,255
	!byte 255,255,255,255,255,255,255,255
	!byte 255,255,255,255,255,255,255,255
	!byte 255,255,255,255,255,255,255,255
	!byte 255,255,255,255,255,255,255,255
	!byte 255,255,255,255,255,255,254,255
	!byte 255,255,255,255,255,235,233,229
	!byte 255,255,255,255,255,191,155,167
	!byte 255,255,255,255,255,255,239,255
	!byte 255,255,255,255,255,255,255,255
	!byte 255,255,255,255,254,254,254,249
	!byte 231,239,159,191,127,127,255,255
	!byte 255,255,255,255,255,255,255,255
	!byte 255,255,255,255,255,255,255,255
	!byte 255,255,255,255,255,255,255,255
	!byte 255,255,255,255,255,255,255,255
	!byte 255,255,255,255,255,255,255,255
	!byte 255,255,255,255,255,255,255,255
	!byte 151,159,191,191,159,159,159,159
	!byte 254,254,254,254,254,254,253,253
	!byte 254,255,255,251,251,251,251,250
	!byte 190,190,190,190,190,190,191,191
	!byte 254,254,254,126,126,254,254,250
	!byte 191,185,185,187,187,187,251,255
	!byte 167,231,231,231,231,231,231,231
	!byte 174,190,254,254,254,223,223,219

	!byte 255,255,255,255,255,255,255,255
	!byte 255,255,255,255,255,255,255,255
	!byte 235,235,235,235,235,217,250,250
	!byte 255,255,255,255,255,254,250,250
	!byte 255,255,255,255,254,170,170,190
	!byte 255,247,233,233,170,171,255,255
	!byte 255,255,255,255,254,246,219,235
	!byte 255,255,255,255,127,159,159,175
	!byte 175,159,191,191,191,186,191,191
	!byte 239,239,239,110,169,191,191,191
	!byte 255,255,175,175,255,255,255,255
	!byte 191,191,191,191,191,191,191,175
	!byte 223,127,126,126,122,122,234,170
	!byte 255,175,175,111,107,91,91,91
	!byte 255,255,253,250,234,169,165,229
	!byte 255,255,191,171,106,85,85,166
	!byte 255,255,255,255,255,191,111,159
	!byte 255,255,255,255,255,255,255,255
	!byte 255,255,255,255,255,255,255,255
	!byte 254,255,253,234,250,234,102,85
	!byte 171,255,175,175,255,255,255,255
	!byte 249,250,250,250,251,239,255,223
	!byte 255,255,255,255,255,255,254,254
	!byte 255,255,255,255,233,165,165,165
	!byte 251,235,171,171,111,111,111,95
	!byte 255,255,255,255,255,175,107,91
	!byte 255,255,255,255,255,255,255,254
	!byte 255,255,255,255,255,255,255,255
	!byte 255,255,255,255,255,255,255,255
	!byte 255,255,255,255,255,255,255,255
	!byte 255,255,255,255,255,255,255,255
	!byte 255,255,255,255,255,255,255,239
	!byte 159,159,191,191,191,159,159,191
	!byte 254,254,254,254,254,254,254,253
	!byte 251,250,250,251,251,251,250,254
	!byte 191,191,191,191,191,191,190,190
	!byte 250,250,250,251,251,255,255,255
	!byte 255,255,255,255,255,255,255,255
	!byte 219,219,219,219,219,219,238,238
	!byte 219,251,187,187,235,235,235,235

	!byte 255,255,255,255,255,255,255,254
	!byte 255,255,255,255,255,255,171,170
	!byte 250,250,254,254,254,255,255,255
	!byte 111,235,235,218,250,246,191,171
	!byte 235,111,174,174,189,191,127,255
	!byte 255,255,255,255,255,127,191,171
	!byte 250,250,250,250,250,250,251,191
	!byte 175,175,174,174,158,189,125,255
	!byte 191,191,191,255,251,247,167,175
	!byte 191,191,191,191,191,191,191,191
	!byte 255,255,255,255,255,255,255,255
	!byte 250,249,253,253,255,255,255,255
	!byte 255,253,245,255,191,175,171,169
	!byte 254,254,254,254,251,254,250,170
	!byte 190,238,254,122,122,250,254,255
	!byte 255,255,255,255,255,255,171,90
	!byte 254,255,255,255,255,255,255,255
	!byte 170,170,250,245,245,245,245,245
	!byte 169,169,169,255,255,255,255,255
	!byte 170,170,170,170,255,255,255,255
	!byte 170,170,170,175,255,255,255,255
	!byte 170,170,170,255,255,255,255,253
	!byte 87,95,127,255,254,250,234,170
	!byte 191,191,255,255,255,255,255,255
	!byte 250,250,250,250,250,250,250,250
	!byte 249,249,253,254,238,254,254,254
	!byte 171,175,175,175,175,191,255,255
	!byte 170,234,235,219,222,223,247,245
	!byte 170,186,170,175,239,255,255,255
	!byte 255,255,255,231,229,165,166,170
	!byte 255,255,255,250,250,90,90,90
	!byte 186,190,190,191,255,255,255,255
	!byte 126,110,111,175,175,175,175,175
	!byte 254,254,254,254,254,254,254,254
	!byte 254,254,254,254,250,254,254,254
	!byte 235,231,235,235,235,235,235,235
	!byte 255,255,251,251,251,251,251,251
	!byte 255,255,255,253,253,254,254,254
	!byte 111,111,111,111,111,111,111,111
	!byte 235,239,175,175,175,175,175,175

	!byte 254,246,250,250,250,250,246,253
	!byte 255,255,255,255,255,255,255,254
	!byte 85,95,159,191,191,255,254,234
	!byte 255,255,255,255,250,170,159,255
	!byte 255,255,255,255,255,171,250,255
	!byte 253,255,255,255,255,255,191,235
	!byte 170,234,255,255,255,255,255,255
	!byte 170,170,254,255,255,255,253,213
	!byte 170,169,169,245,247,223,127,255
	!byte 106,106,106,239,254,255,255,255
	!byte 255,255,255,238,187,238,187,174
	!byte 255,255,187,238,187,238,185,237
	!byte 111,175,191,191,255,255,255,254
	!byte 95,95,255,255,255,254,170,170
	!byte 255,255,255,255,255,255,191,171
	!byte 253,255,255,255,238,254,238,174
	!byte 85,169,169,187,251,251,251,251
	!byte 95,127,126,126,126,250,234,234
	!byte 170,251,255,255,255,255,255,255
	!byte 186,255,255,255,255,251,255,251
	!byte 175,255,255,255,255,255,255,255
	!byte 255,255,255,255,255,255,249,169
	!byte 255,255,255,221,234,170,170,170
	!byte 170,170,166,95,255,255,255,255
	!byte 191,191,255,255,255,223,255,255
	!byte 250,251,127,251,251,251,254,175
	!byte 239,255,185,255,191,159,255,255
	!byte 251,250,255,255,254,254,254,255
	!byte 191,127,191,251,255,255,251,255
	!byte 255,255,255,255,255,255,251,255
	!byte 171,171,251,255,255,190,222,255
	!byte 255,239,239,255,255,255,251,123
	!byte 239,239,175,175,239,223,223,223
	!byte 254,254,254,254,254,254,254,254
	!byte 254,254,254,254,126,127,255,254
	!byte 190,190,250,251,191,185,189,189
	!byte 247,255,254,222,222,218,106,154
	!byte 254,246,250,250,233,121,249,125
	!byte 239,239,239,235,235,239,238,238
	!byte 175,175,175,191,191,191,191,255

	!byte 175,191,191,255,255,255,255,255
	!byte 191,170,234,255,255,255,255,255
	!byte 167,175,255,255,255,255,255,255
	!byte 255,255,255,255,255,255,255,255
	!byte 255,255,255,255,255,255,255,255
	!byte 254,255,255,255,255,255,255,255
	!byte 170,255,255,255,255,255,255,255
	!byte 167,255,255,255,255,255,255,255
	!byte 255,255,255,255,255,255,255,255
	!byte 255,255,255,255,255,255,255,255
	!byte 254,255,255,255,255,255,255,255
	!byte 223,118,254,254,254,255,255,255
	!byte 171,175,175,175,191,239,251,126
	!byte 255,255,255,255,255,255,175,175
	!byte 255,255,255,255,255,255,255,255
	!byte 251,191,191,255,255,255,255,255
	!byte 255,255,255,255,255,255,255,255
	!byte 191,191,191,191,191,191,190,106
	!byte 255,255,255,255,255,250,106,170
	!byte 105,166,165,171,191,255,255,255
	!byte 170,171,191,255,255,255,253,255
	!byte 127,255,255,255,255,171,255,191
	!byte 255,247,255,255,255,255,254,239
	!byte 255,254,250,251,187,191,190,191
	!byte 255,255,127,239,239,174,171,171
	!byte 190,255,255,223,254,190,255,255
	!byte 255,255,255,255,255,239,239,255
	!byte 123,255,255,255,255,255,255,255
	!byte 255,255,255,254,255,254,254,249
	!byte 255,255,255,255,127,191,191,255
	!byte 249,233,253,255,255,255,254,239
	!byte 239,255,189,254,239,238,165,85
	!byte 239,239,239,239,239,111,187,187
	!byte 254,254,253,253,253,254,255,255
	!byte 254,191,191,190,174,173,181,181
	!byte 169,166,191,191,175,175,171,255
	!byte 239,223,255,255,255,255,255,255
	!byte 251,235,191,255,255,255,255,255
	!byte 123,123,123,123,123,123,123,123
	!byte 255,255,255,255,255,255,255,255

	!byte 255,255,255,255,255,255,234,234
	!byte 255,255,255,255,255,170,170,170
	!byte 255,255,255,255,235,170,170,170
	!byte 255,255,255,255,255,170,170,170
	!byte 255,255,255,255,255,171,170,170
	!byte 255,255,255,255,255,255,170,170
	!byte 255,255,255,255,255,170,170,170
	!byte 255,255,255,255,255,175,170,170
	!byte 255,255,255,255,255,255,170,170
	!byte 255,255,255,255,255,255,170,170
	!byte 255,255,255,255,255,255,170,170
	!byte 255,255,255,255,255,255,170,170
	!byte 245,253,255,255,255,255,175,171
	!byte 255,255,255,253,191,189,175,175
	!byte 95,170,255,255,255,255,127,127
	!byte 250,170,255,255,255,255,255,255
	!byte 186,170,234,251,251,255,255,255
	!byte 127,191,191,111,159,111,175,107
	!byte 255,255,255,255,255,255,255,255
	!byte 255,255,255,255,255,255,254,170
	!byte 170,154,154,86,111,191,255,255
	!byte 170,170,171,175,255,255,255,255
	!byte 170,191,255,255,255,255,255,255
	!byte 170,250,255,255,255,255,255,255
	!byte 170,255,255,255,255,255,255,255
	!byte 170,255,255,255,255,255,255,255
	!byte 191,255,255,255,255,255,255,255
	!byte 255,255,255,255,255,255,255,255
	!byte 234,254,255,255,255,255,255,255
	!byte 170,171,255,255,255,255,255,255
	!byte 175,255,255,255,255,255,255,255
	!byte 254,254,254,254,255,255,255,255
	!byte 191,175,191,191,191,191,191,191
	!byte 255,255,255,255,255,255,255,255
	!byte 223,213,255,255,191,191,191,191
	!byte 251,247,229,245,222,254,254,234
	!byte 171,186,250,254,86,95,119,95
	!byte 171,171,250,234,239,239,229,125
	!byte 247,231,231,231,231,231,239,239
	!byte 255,255,255,255,255,255,255,255

	!byte 255,255,255,255,255,255,255,255
	!byte 255,255,255,255,255,255,255,255
	!byte 255,255,255,255,255,255,255,255
	!byte 255,255,255,255,255,255,255,255
	!byte 255,255,255,255,255,255,255,255
	!byte 255,255,255,255,255,255,255,255
	!byte 255,255,255,255,255,255,255,255
	!byte 255,255,255,255,255,255,255,255
	!byte 255,255,255,255,255,255,255,255
	!byte 255,255,255,255,255,255,255,255
	!byte 255,255,255,255,255,255,255,255
	!byte 255,255,255,255,255,255,255,255
	!byte 255,255,255,255,255,255,255,255
	!byte 250,254,254,254,254,254,254,255
	!byte 254,254,255,255,255,255,255,255
	!byte 255,255,255,191,175,171,171,171
	!byte 255,255,255,255,255,255,255,255
	!byte 233,250,234,250,250,254,254,251
	!byte 255,255,255,255,255,191,191,191
	!byte 255,255,255,255,255,255,255,255
	!byte 255,255,255,255,255,255,255,255
	!byte 255,255,255,255,255,255,255,255
	!byte 255,255,255,255,255,255,255,255
	!byte 255,255,255,255,255,255,255,255
	!byte 255,255,255,255,255,255,255,255
	!byte 255,255,255,255,255,255,255,255
	!byte 255,255,255,255,255,255,255,255
	!byte 255,255,255,255,255,255,255,255
	!byte 255,255,255,255,255,255,255,255
	!byte 255,255,255,255,255,255,255,255
	!byte 251,251,251,255,255,255,239,239
	!byte 255,255,255,255,251,251,249,249
	!byte 255,191,191,191,187,187,255,239
	!byte 255,255,255,255,255,255,255,255
	!byte 183,183,157,149,159,175,167,175
	!byte 250,251,239,255,251,170,171,187
	!byte 187,191,187,255,254,170,174,250
	!byte 239,175,189,173,189,253,253,237
	!byte 155,187,187,155,155,91,95,127
	!byte 255,255,255,255,255,255,255,255

	!byte 255,255,255,255,255,255,255,255
	!byte 255,255,255,255,255,255,255,255
	!byte 255,255,255,255,255,255,255,255
	!byte 255,255,255,255,255,255,255,255
	!byte 255,255,255,255,255,255,255,255
	!byte 255,255,255,255,255,255,255,255
	!byte 255,255,255,255,255,255,255,255
	!byte 255,255,255,255,255,255,255,255
	!byte 255,255,255,255,255,255,255,255
	!byte 255,255,255,255,255,255,255,255
	!byte 255,255,255,255,255,255,255,255
	!byte 255,255,255,255,255,255,255,255
	!byte 255,255,255,255,255,255,255,255
	!byte 255,255,255,255,255,254,246,246
	!byte 255,255,255,255,255,255,255,175
	!byte 254,254,254,254,254,254,234,170
	!byte 255,255,255,255,255,255,254,254
	!byte 171,175,171,171,175,175,255,255
	!byte 127,255,255,255,255,255,255,191
	!byte 255,255,255,255,255,255,255,255
	!byte 255,255,255,255,255,255,255,255
	!byte 255,255,255,255,255,255,255,255
	!byte 255,255,255,255,255,255,255,255
	!byte 255,255,255,255,255,255,255,255
	!byte 255,255,255,255,255,255,255,255
	!byte 255,255,255,255,255,255,255,255
	!byte 255,255,255,255,255,255,255,255
	!byte 255,255,255,255,255,255,255,255
	!byte 255,255,255,255,255,255,255,255
	!byte 223,213,255,255,254,254,239,239
	!byte 255,255,255,255,254,186,165,86
	!byte 126,126,251,251,238,186,187,251
	!byte 191,191,255,191,191,255,127,125
	!byte 255,255,254,255,255,254,126,250
	!byte 250,250,191,191,183,190,214,218
	!byte 255,255,255,191,191,127,255,247
	!byte 254,255,255,187,170,238,234,169
	!byte 175,175,175,175,191,189,189,189
	!byte 127,123,123,123,123,251,238,238
	!byte 255,255,255,255,255,255,255,255

	!byte 255,255,255,255,255,255,255,255
	!byte 255,255,255,255,255,255,255,255
	!byte 255,255,255,255,255,255,255,255
	!byte 255,255,255,255,255,255,255,255
	!byte 255,255,255,255,255,255,255,255
	!byte 255,255,255,255,255,255,255,255
	!byte 255,255,255,255,255,255,255,255
	!byte 255,255,255,255,255,255,255,255
	!byte 255,255,255,255,255,255,255,255
	!byte 255,255,255,255,255,255,255,255
	!byte 255,255,255,255,255,255,255,255
	!byte 255,255,255,255,255,255,255,255
	!byte 255,255,255,255,255,255,255,255
	!byte 246,246,250,250,250,250,250,250
	!byte 255,255,255,255,255,255,255,255
	!byte 245,255,191,191,191,191,171,251
	!byte 250,250,254,254,254,251,251,251
	!byte 255,255,255,255,255,255,255,255
	!byte 191,191,191,191,191,191,191,191
	!byte 255,255,255,255,255,255,255,255
	!byte 255,255,255,255,255,255,255,255
	!byte 255,255,255,255,255,255,255,255
	!byte 255,255,255,255,255,255,255,255
	!byte 255,255,255,255,255,255,255,255
	!byte 255,255,255,255,255,255,255,255
	!byte 255,255,255,255,255,255,255,255
	!byte 255,255,255,255,255,255,255,255
	!byte 255,255,255,255,255,255,255,255
	!byte 255,255,255,255,255,255,255,255
	!byte 219,251,251,221,239,239,255,255
	!byte 159,191,255,255,255,255,255,255
	!byte 170,251,186,254,255,255,255,255
	!byte 150,191,191,191,255,255,255,255
	!byte 155,254,251,251,255,255,255,255
	!byte 165,237,237,251,255,255,255,255
	!byte 191,255,255,255,255,255,255,255
	!byte 254,254,254,254,254,254,254,250
	!byte 245,246,246,246,230,231,230,230
	!byte 191,175,175,191,191,175,239,239
	!byte 255,255,255,255,255,255,255,255

	!byte 255,255,255,255,255,255,255,255
	!byte 255,255,255,255,255,255,255,255
	!byte 255,255,255,255,255,255,255,255
	!byte 255,255,255,255,255,255,255,255
	!byte 255,255,255,255,255,255,255,255
	!byte 255,255,255,255,255,255,255,255
	!byte 255,255,255,255,255,255,255,255
	!byte 255,255,255,255,255,255,255,255
	!byte 255,255,255,255,255,255,255,255
	!byte 255,255,255,255,255,255,255,255
	!byte 255,255,255,255,255,255,255,255
	!byte 255,255,255,255,255,255,255,255
	!byte 255,255,255,255,255,255,255,255
	!byte 254,254,254,254,254,254,254,254
	!byte 255,254,255,255,255,255,255,255
	!byte 239,175,175,175,239,255,187,251
	!byte 251,255,255,254,254,254,254,255
	!byte 255,255,255,255,255,255,255,255
	!byte 191,191,191,191,191,191,191,191
	!byte 255,255,255,255,255,255,255,255
	!byte 255,255,255,255,255,255,255,255
	!byte 255,255,255,255,255,255,255,255
	!byte 255,255,255,255,255,255,255,255
	!byte 255,255,255,255,255,255,255,255
	!byte 255,255,255,255,255,255,255,255
	!byte 255,255,255,255,255,255,255,255
	!byte 255,255,255,255,255,255,255,255
	!byte 255,255,255,255,255,255,255,255
	!byte 255,255,255,255,255,255,255,255
	!byte 255,255,255,255,255,255,255,255
	!byte 255,255,255,255,255,255,255,255
	!byte 255,255,255,255,255,255,255,255
	!byte 255,255,255,255,255,255,255,255
	!byte 255,255,255,255,255,255,255,255
	!byte 255,255,255,255,255,255,255,255
	!byte 255,255,255,255,255,255,255,254
	!byte 175,175,175,189,189,253,245,245
	!byte 119,126,123,235,235,235,235,174
	!byte 175,175,239,175,255,254,239,171
	!byte 255,255,175,239,255,191,191,253

	!byte 255,255,255,255,255,255,255,255
	!byte 255,255,255,255,255,255,255,255
	!byte 255,255,255,255,255,255,255,255
	!byte 255,255,255,255,255,255,255,255
	!byte 255,255,255,255,255,255,255,255
	!byte 255,255,255,255,255,255,255,255
	!byte 255,255,255,255,255,255,255,255
	!byte 255,255,255,255,255,255,255,255
	!byte 255,255,255,255,255,255,255,255
	!byte 255,255,255,255,255,255,255,255
	!byte 255,255,255,255,255,255,255,255
	!byte 255,255,255,255,255,255,255,255
	!byte 255,255,255,255,255,255,255,255
	!byte 254,254,254,254,254,254,254,250
	!byte 255,255,255,255,255,255,255,255
	!byte 251,187,175,175,175,191,191,255
	!byte 251,251,255,255,254,238,238,254
	!byte 255,255,255,255,239,235,235,235
	!byte 191,191,127,127,191,191,191,191
	!byte 255,255,255,255,255,255,255,255
	!byte 255,255,255,255,255,255,255,255
	!byte 255,255,255,255,255,255,255,255
	!byte 255,255,255,255,255,255,255,255
	!byte 255,255,255,255,255,255,255,255
	!byte 255,255,255,255,255,255,255,255
	!byte 255,255,255,255,255,255,255,255
	!byte 255,255,255,255,255,255,255,255
	!byte 255,255,255,255,255,255,255,255
	!byte 255,255,255,255,255,255,255,255
	!byte 255,255,255,255,255,255,255,255
	!byte 255,255,255,255,255,255,255,255
	!byte 255,255,239,251,250,250,250,234
	!byte 255,251,250,254,254,191,175,213
	!byte 255,255,255,255,255,254,254,253
	!byte 186,250,250,255,86,119,255,127
	!byte 175,175,189,191,255,255,255,255
	!byte 219,235,255,255,255,255,255,255
	!byte 213,255,254,255,255,234,250,254
	!byte 251,255,239,127,255,255,255,255
	!byte 255,255,250,254,250,250,235,235

	!byte 254,251,251,250,235,235,233,235
	!byte 255,255,247,191,255,191,255,191
	!byte 255,255,255,255,255,255,255,255
	!byte 255,255,255,255,255,255,255,255
	!byte 255,255,255,255,255,255,255,255
	!byte 255,255,255,255,255,255,255,255
	!byte 255,255,255,255,255,255,255,255
	!byte 255,255,255,255,255,255,255,255
	!byte 255,255,255,255,255,255,255,255
	!byte 255,255,255,255,255,255,255,255
	!byte 255,255,255,255,255,255,255,255
	!byte 255,255,255,255,255,255,255,255
	!byte 255,255,255,255,255,255,255,255
	!byte 175,175,175,191,191,191,191,191
	!byte 255,254,254,254,255,250,250,251
	!byte 255,191,191,191,189,189,191,255
	!byte 175,239,255,191,191,189,189,189
	!byte 238,111,111,111,111,110,110,110
	!byte 127,127,191,191,191,191,191,191
	!byte 255,255,255,255,255,255,255,255
	!byte 255,255,255,255,255,255,255,255
	!byte 255,255,255,255,255,255,255,255
	!byte 255,255,255,255,255,255,255,255
	!byte 255,255,255,255,255,255,255,255
	!byte 255,255,255,255,255,255,255,255
	!byte 255,255,255,255,255,255,255,255
	!byte 255,255,255,255,255,255,255,255
	!byte 255,255,255,255,255,255,255,255
	!byte 255,255,255,255,255,255,255,255
	!byte 255,255,255,255,255,255,255,255
	!byte 254,255,254,239,253,255,255,255
	!byte 255,251,255,234,175,253,253,249
	!byte 255,255,255,255,169,174,191,191
	!byte 255,254,250,169,151,95,255,255
	!byte 247,215,245,255,187,170,170,187
	!byte 149,101,170,171,174,254,255,255
	!byte 166,154,218,121,233,245,255,255
	!byte 85,90,170,174,255,255,255,255
	!byte 170,169,190,254,234,255,255,255
	!byte 170,90,214,254,255,255,255,255

	!byte 126,190,186,185,186,187,247,251
	!byte 127,255,255,127,255,191,191,239
	!byte 255,255,255,255,255,255,255,255
	!byte 255,255,255,255,255,255,255,255
	!byte 255,255,255,255,255,255,255,255
	!byte 255,255,255,255,255,255,255,255
	!byte 255,255,255,255,255,255,255,255
	!byte 255,255,255,255,255,255,255,255
	!byte 255,255,255,255,255,255,255,255
	!byte 255,255,255,255,255,255,255,255
	!byte 255,255,255,255,255,255,255,255
	!byte 255,255,255,255,255,255,255,255
	!byte 255,255,255,255,255,255,255,255
	!byte 191,191,191,191,191,189,191,191
	!byte 174,186,171,239,239,239,239,239
	!byte 170,171,175,175,191,191,191,255
	!byte 151,159,159,191,191,191,191,191
	!byte 126,127,255,254,254,254,254,254
	!byte 191,191,191,191,191,191,191,191
	!byte 255,255,255,255,255,255,255,255
	!byte 255,255,255,255,255,255,255,255
	!byte 255,255,255,255,255,255,255,255
	!byte 255,255,255,255,254,255,255,255
	!byte 255,191,191,191,255,255,255,255
	!byte 255,255,254,254,254,254,254,255
	!byte 250,246,254,126,118,222,94,122
	!byte 255,255,255,255,255,255,255,255
	!byte 255,255,255,255,255,255,255,255
	!byte 255,255,255,255,255,255,255,255
	!byte 255,255,255,255,255,255,255,255
	!byte 255,255,255,255,255,255,255,255
	!byte 234,254,255,255,255,255,255,255
	!byte 122,186,255,255,255,255,255,255
	!byte 127,175,255,255,255,255,255,255
	!byte 255,255,255,255,255,255,255,255
	!byte 255,255,255,255,255,255,255,255
	!byte 255,255,255,255,255,255,255,255
	!byte 255,255,255,255,255,255,255,255
	!byte 255,255,255,255,255,255,255,255
	!byte 255,255,255,255,255,255,255,255

	!byte 251,251,254,254,254,254,254,251
	!byte 175,239,255,255,254,254,255,255
	!byte 255,255,255,175,255,255,191,255
	!byte 255,255,255,255,255,255,255,255
	!byte 255,255,255,255,255,255,255,255
	!byte 255,255,255,255,255,255,255,255
	!byte 255,255,255,255,255,255,255,255
	!byte 255,255,255,255,255,255,255,255
	!byte 255,255,255,255,255,255,255,255
	!byte 255,255,255,255,255,255,255,255
	!byte 255,255,255,255,255,255,255,255
	!byte 255,255,255,255,255,255,255,255
	!byte 255,255,254,254,250,250,250,234
	!byte 255,255,255,255,255,255,255,250
	!byte 223,223,126,126,126,122,122,250
	!byte 255,255,255,255,255,255,255,255
	!byte 191,191,191,191,191,191,191,189
	!byte 250,254,254,254,254,254,190,190
	!byte 191,255,255,255,255,255,255,255
	!byte 255,255,255,255,255,255,255,255
	!byte 255,255,255,255,255,255,255,255
	!byte 255,255,255,255,255,255,255,255
	!byte 251,255,255,251,171,235,235,234
	!byte 255,255,255,255,255,255,255,255
	!byte 255,255,255,255,255,255,255,255
	!byte 127,255,255,255,255,255,239,255
	!byte 255,255,255,255,255,255,255,255
	!byte 255,255,255,255,255,255,255,255
	!byte 255,255,255,255,255,255,255,255
	!byte 255,255,255,255,255,255,255,255
	!byte 255,255,255,255,255,255,255,255
	!byte 255,255,255,255,255,255,255,255
	!byte 255,255,255,255,255,255,255,255
	!byte 255,255,255,255,255,255,255,255
	!byte 255,255,255,255,255,255,255,255
	!byte 255,255,255,255,255,255,255,255
	!byte 255,255,255,255,255,255,255,255
	!byte 255,255,255,255,255,255,255,255
	!byte 255,255,255,255,255,255,255,255
	!byte 255,255,255,255,255,255,255,255

	!byte 251,234,235,251,255,238,238,238
	!byte 170,234,234,250,251,255,255,251
	!byte 235,239,239,239,239,239,235,250
	!byte 255,255,239,239,239,255,239,191
	!byte 255,255,255,191,191,235,235,187
	!byte 255,255,255,255,255,255,239,187
	!byte 255,255,255,255,255,255,255,255
	!byte 255,255,255,255,255,255,255,255
	!byte 255,255,255,255,255,255,255,255
	!byte 255,255,255,255,255,255,255,255
	!byte 255,255,255,255,255,255,255,255
	!byte 255,255,254,250,250,218,234,234
	!byte 127,255,255,255,255,254,254,250
	!byte 95,127,127,255,255,254,250,250
	!byte 175,191,191,255,255,255,255,255
	!byte 255,255,255,255,255,255,255,255
	!byte 233,233,249,249,250,250,250,250
	!byte 190,190,191,191,191,191,255,255
	!byte 255,255,255,255,255,255,255,255
	!byte 255,255,255,255,255,255,255,255
	!byte 255,255,255,255,255,255,255,255
	!byte 255,255,255,255,255,239,239,239
	!byte 250,250,255,127,235,239,239,239
	!byte 251,255,255,255,255,255,255,255
	!byte 255,255,255,255,255,255,255,255
	!byte 255,255,255,255,255,255,255,251
	!byte 255,255,255,255,255,255,255,255
	!byte 255,255,255,255,255,255,255,255
	!byte 255,255,255,255,255,255,255,255
	!byte 255,255,255,255,255,255,255,255
	!byte 255,255,255,255,255,255,255,255
	!byte 255,255,255,255,255,255,255,255
	!byte 255,255,255,255,255,255,255,255
	!byte 255,255,255,255,255,255,255,255
	!byte 255,255,255,255,255,255,255,255
	!byte 255,255,255,255,255,255,255,255
	!byte 255,255,255,255,255,255,255,255
	!byte 255,255,255,255,255,255,255,255
	!byte 255,255,255,255,255,255,255,255
	!byte 255,255,255,255,255,255,255,255

	!byte 191,191,191,191,191,239,239,239
	!byte 247,255,251,239,239,239,239,175
	!byte 235,239,254,254,254,190,191,255
	!byte 191,255,254,250,250,234,230,170
	!byte 191,191,255,255,255,255,191,170
	!byte 190,255,255,255,255,255,191,255
	!byte 255,255,255,255,255,255,255,255
	!byte 255,255,255,255,255,255,255,255
	!byte 255,255,255,255,255,255,255,255
	!byte 255,255,255,255,255,255,255,255
	!byte 255,255,255,253,254,250,250,250
	!byte 191,255,255,255,255,255,255,255
	!byte 175,191,191,255,255,255,255,253
	!byte 191,191,191,255,255,255,255,255
	!byte 255,255,255,255,255,255,255,255
	!byte 255,255,255,255,255,255,255,255
	!byte 250,250,250,250,250,250,250,250
	!byte 254,254,254,254,253,253,253,253
	!byte 255,255,255,255,255,255,255,255
	!byte 255,255,255,255,255,255,255,255
	!byte 255,255,255,251,249,233,233,233
	!byte 231,191,191,190,254,254,251,245
	!byte 186,250,234,239,239,239,254,250
	!byte 255,255,191,191,255,255,255,255
	!byte 255,254,251,239,239,239,191,191
	!byte 191,255,255,255,255,255,255,255
	!byte 255,255,255,255,255,255,255,255
	!byte 255,255,255,255,255,255,255,255
	!byte 255,255,255,255,255,255,255,255
	!byte 255,255,255,255,255,255,255,255
	!byte 255,255,255,255,255,255,255,255
	!byte 255,255,255,255,255,255,255,255
	!byte 255,255,255,255,255,255,255,255
	!byte 255,255,255,255,255,255,255,255
	!byte 255,255,255,255,255,255,255,255
	!byte 255,255,255,255,255,255,255,238
	!byte 255,255,255,255,255,255,191,191
	!byte 255,255,255,255,255,255,251,238
	!byte 255,255,255,255,255,255,251,238
	!byte 255,255,255,255,255,255,255,255

	!byte 223,223,254,254,254,254,254,250
	!byte 175,191,191,175,171,171,89,93
	!byte 239,187,251,255,255,255,255,255
	!byte 255,191,191,175,127,191,255,251
	!byte 255,251,251,251,255,255,255,255
	!byte 191,191,191,191,191,191,254,254
	!byte 255,255,250,235,191,191,255,255
	!byte 255,255,255,255,255,255,255,255
	!byte 255,255,255,255,255,255,255,255
	!byte 255,255,255,255,255,254,254,254
	!byte 175,191,191,255,255,255,255,253
	!byte 255,254,250,250,250,233,233,233
	!byte 171,171,175,175,175,191,191,191
	!byte 255,255,255,255,255,255,255,255
	!byte 255,255,255,255,255,255,255,255
	!byte 255,255,255,255,255,255,255,255
	!byte 175,175,175,175,175,175,159,159
	!byte 254,254,254,254,254,254,254,250
	!byte 255,255,255,255,255,255,254,255
	!byte 238,255,249,237,181,238,251,187
	!byte 121,217,235,173,175,223,119,222
	!byte 183,151,159,127,126,126,250,170
	!byte 191,191,191,255,255,255,255,255
	!byte 255,255,255,255,255,255,255,255
	!byte 255,255,255,255,255,255,255,255
	!byte 255,255,255,255,255,250,239,239
	!byte 255,255,255,255,255,191,239,239
	!byte 255,255,255,255,255,255,255,255
	!byte 255,255,255,255,255,255,255,255
	!byte 255,255,255,255,255,255,255,255
	!byte 255,255,255,255,255,255,255,255
	!byte 255,255,255,255,255,255,255,255
	!byte 255,255,255,255,255,255,255,255
	!byte 255,255,255,255,255,255,255,255
	!byte 254,254,254,255,255,255,255,255
	!byte 239,239,239,191,190,255,255,255
	!byte 191,191,191,190,174,255,255,255
	!byte 238,238,238,238,251,255,255,255
	!byte 254,251,239,239,234,255,255,255
	!byte 255,255,255,255,255,255,255,255

	!byte 175,175,103,230,254,254,254,190
	!byte 223,222,222,255,255,254,255,239
	!byte 251,255,251,255,253,255,183,254
	!byte 255,255,255,255,255,126,255,254
	!byte 255,255,254,223,255,247,254,191
	!byte 159,158,181,122,254,239,254,250
	!byte 255,255,191,191,255,255,127,123
	!byte 255,255,255,255,255,255,255,255
	!byte 255,255,255,255,255,255,255,255
	!byte 253,253,254,250,250,250,250,250
	!byte 255,255,253,253,245,149,170,170
	!byte 127,255,254,254,250,170,187,170
	!byte 255,255,254,255,187,255,238,187
	!byte 255,255,255,255,255,239,255,255
	!byte 255,255,255,255,255,255,255,255
	!byte 255,255,255,255,255,255,255,255
	!byte 107,107,107,106,234,254,255,255
	!byte 254,254,254,254,254,250,250,109
	!byte 254,251,254,251,254,175,165,165
	!byte 238,187,238,187,238,251,238,123
	!byte 182,222,183,215,186,239,186,235
	!byte 253,239,255,239,255,255,255,255
	!byte 191,255,255,255,255,255,255,255
	!byte 255,255,255,255,255,255,255,255
	!byte 255,255,255,255,255,255,255,255
	!byte 191,190,187,187,187,187,187,186
	!byte 251,187,187,251,251,251,187,251
	!byte 255,239,187,251,239,191,191,171
	!byte 255,239,187,187,187,187,187,239
	!byte 255,239,187,251,239,191,191,171
	!byte 255,239,187,187,187,187,187,239
	!byte 255,255,254,254,254,254,254,254
	!byte 255,175,175,175,175,239,238,238
	!byte 255,250,238,239,239,239,238,235
	!byte 255,239,239,239,239,239,238,235
	!byte 255,255,250,238,254,234,238,235
	!byte 255,255,250,238,239,239,239,239
	!byte 255,239,239,238,235,238,238,238
	!byte 255,255,250,238,234,239,238,235
	!byte 255,255,255,255,255,255,255,255

	!byte 254,250,250,255,255,255,215,255
	!byte 234,251,250,171,190,186,255,255
	!byte 237,175,249,254,254,191,254,169
	!byte 85,174,159,191,255,255,246,233
	!byte 191,191,251,223,254,254,111,85
	!byte 246,253,255,174,154,235,253,255
	!byte 234,238,190,255,255,190,190,170
	!byte 255,255,255,191,255,191,255,255
	!byte 255,255,255,255,255,255,255,255
	!byte 249,250,250,254,254,255,255,255
	!byte 255,95,127,127,123,234,170,234
	!byte 254,251,238,251,238,123,94,95
	!byte 239,187,238,187,238,187,239,191
	!byte 187,255,255,191,255,239,255,191
	!byte 255,255,255,255,255,255,255,255
	!byte 255,255,255,255,255,255,255,255
	!byte 170,166,86,255,255,255,255,255
	!byte 255,255,255,247,229,170,170,170
	!byte 106,106,106,165,85,255,255,255
	!byte 94,175,174,175,191,255,255,255
	!byte 239,187,255,255,255,255,255,255
	!byte 191,255,255,255,255,255,255,255
	!byte 255,255,255,255,255,255,255,255
	!byte 255,255,255,255,255,255,255,255
	!byte 255,255,255,255,255,255,255,255
	!byte 191,239,239,250,255,255,255,255
	!byte 251,239,239,191,255,255,255,255
	!byte 255,255,255,255,255,255,255,255
	!byte 255,255,255,255,255,255,255,255
	!byte 255,255,255,255,255,255,255,255
	!byte 255,255,255,255,255,255,255,255
	!byte 255,255,255,255,255,255,255,255
	!byte 255,255,255,255,255,255,255,255
	!byte 255,255,255,255,255,255,255,255
	!byte 255,255,255,255,255,255,255,255
	!byte 255,255,255,255,255,255,255,255
	!byte 255,255,255,255,255,255,255,255
	!byte 255,255,255,255,255,255,255,255
	!byte 255,255,255,255,255,255,255,255
	!byte 255,255,255,255,255,255,255,255


