255
192
192
192
192
192
192
192
255
0
0
0
0
0
0
10
255
0
0
10
10
170
170
170
255
0
0
34
8
34
8
162
255
0
0
0
0
32
128
32
255
3
3
3
3
3
3
3
192
192
192
192
192
192
192
194
10
42
42
170
170
170
170
168
170
170
170
160
160
0
0
0
136
162
136
0
0
0
0
0
128
32
128
0
128
0
0
0
3
3
3
3
3
3
3
3
194
194
194
202
202
202
202
202
168
168
168
160
160
160
160
160
0
0
0
0
0
0
0
0
0
0
0
0
0
0
0
0
4
20
84
85
85
21
21
21
3
3
3
3
3
3
3
3
202
202
202
202
192
192
194
194
160
160
160
32
32
168
169
169
0
0
0
0
16
84
84
85
0
0
0
0
0
0
0
68
21
5
17
68
17
68
16
68
3
3
3
3
3
3
3
3
194
192
192
192
192
192
192
192
169
170
170
170
170
42
42
10
85
85
85
164
165
170
170
170
16
68
17
68
17
170
170
170
16
0
16
128
128
128
128
160
3
3
3
3
3
3
3
3
192
192
192
192
192
192
192
255
10
0
0
0
0
0
0
255
170
170
170
10
10
0
0
255
170
170
170
170
170
0
0
255
160
160
160
0
0
0
0
255
3
3
3
3
3
3
3
255
